0.5	-1.	0.15	3.8208e-01	2.9292e-01
0.5	-1.	0.16	3.6116e-01	2.9109e-01
0.5	-1.	0.17	3.4223e-01	2.8901e-01
0.5	-1.	0.18	3.2492e-01	2.8683e-01
0.5	-1.	0.19	3.0908e-01	2.8449e-01
0.5	-1. 	0.2 	2.9450e-01 	2.8209e-01
0.5	-1.	0.225	2.6282e-01  	2.7545e-01
0.5	-1.	0.25	2.3656e-01  	2.6813e-01
0.5	-1.	0.275	2.1453e-01 	2.6042e-01
0.5	-1.	0.3	1.9586e-01      2.5229e-01
0.5	-1.	0.325	1.7983e-01  	2.4367e-01
0.5	-1.	0.35	1.6597e-01  	2.3468e-01
0.5	-1.	0.4	1.4334e-01  	2.1578e-01
0.5	-1.	0.45	1.2572e-01  	1.9567e-01
0.5	-1.	0.5	1.1175e-01  	1.7451e-01
0.5	-1.	0.55	1.0047e-01  	1.5230e-01
0.5 	-1.	0.6	9.1273e-02  	1.2906e-01
0.5 	-1.	0.65	8.3706e-02  	1.0478e-01
0.5	-1.	0.7	7.7462e-02  	7.9368e-02
0.5	-1.	0.75	7.2333e-02  	5.2748e-02
0.5	-1. 	0.8	6.8197e-02  	2.4813e-02
0.5	-1.	0.85	6.5036e-02     -4.5176e-03
0.5	-1.	0.9 	6.3019e-02     -3.5080e-02
0.5	-1. 	0.91	6.2797e-02     -4.1263e-02
0.5 	-1.     0.92	6.2656e-02     -4.7421e-02
0.5 	-1. 	0.93	6.2612e-02     -5.3511e-02
0.5	-1.	0.94	6.2688e-02     -5.9466e-02
0.5	-1.	0.95	6.2916e-02     -6.5178e-02
0.5	-1.	0.96	6.3349e-02     -7.0466e-02
0.5 	-1.	0.97	6.4074e-02     -7.5007e-02
0.5	-1.	0.98	6.5248e-02     -7.8180e-02
0.5	-1.	0.99	6.7213e-02     -7.8606e-02
0.5	-1.	0.995	6.8759e-02     -7.6719e-02
0.5	-1.	0.999	7.0630e-02     -7.2805e-02
0.5	-1.	1.005	7.4281e-02     -6.3663e-02
0.5 	-1.	1.01	7.6338e-02     -5.9606e-02
0.5 	-1.	1.02	7.9755e-02     -5.3880e-02
0.5	-1.	1.03	8.2707e-02     -4.9679e-02
0.5	-1.	1.04	8.5392e-02     -4.6325e-02
0.5 	-1.	1.05	8.7893e-02     -4.3525e-02
0.5	-1.	1.06	9.0260e-02     -4.1122e-02
0.5	-1.	1.07	9.2522e-02     -3.9020e-02
0.5	-1.	1.08	9.4699e-02     -3.7154e-02
0.5	-1.	1.09	9.6806e-02     -3.5481e-02
0.5	-1.	1.1	9.8854e-02     -3.3966e-02
0.5	-1.	1.15	1.0843e-01     -2.8058e-02
0.5	-1.	1.2	1.1728e-01     -2.3902e-02
0.5	-1.	1.3	1.3371e-01     -1.8326e-02
0.5 	-1.	1.4	1.4912e-01     -1.4712e-02
0.5	-1.	1.5	1.6390e-01     -1.2169e-02
0.5	-1.	1.6	1.7828e-01     -1.0288e-02
0.5	-1.	1.7	1.9234e-01     -8.8411e-03
0.5	-1.	1.8	2.0617e-01     -7.6976e-03
0.5	-1.	1.9	2.1982e-01     -6.7757e-03
0.5 	-1.	2.0	2.3333e-01     -6.0185e-03
