 1.0000e-03  9.4999e-02  1.3040e-03  1.3040e+00  7.7022e-01 -3.4990e-02  3.6832e-01
 1.0098e-01  9.4999e-02  1.3167e-01  1.3040e+00  7.7022e-01 -3.4990e-02  3.6832e-01
 2.0096e-01  9.4999e-02  2.6204e-01  1.3040e+00  7.7022e-01 -3.4990e-02  3.6832e-01
 3.0094e-01  9.4999e-02  3.9241e-01  1.3040e+00  7.7022e-01 -3.4990e-02  3.6832e-01
 4.0092e-01  9.4999e-02  5.2278e-01  1.3040e+00  7.7022e-01 -3.4990e-02  3.6832e-01
 5.0090e-01  9.4999e-02  6.5315e-01  1.3040e+00  7.7022e-01 -3.4990e-02  3.6832e-01
 6.0088e-01  9.4999e-02  7.8352e-01  1.3040e+00  7.7022e-01 -3.4990e-02  3.6832e-01
 7.0086e-01  9.4999e-02  9.1389e-01  1.3040e+00  7.7022e-01 -3.4990e-02  3.6832e-01
 8.0084e-01  9.4999e-02  1.0443e+00  1.3040e+00  7.7022e-01 -3.4990e-02  3.6832e-01
 9.0082e-01  9.4999e-02  1.1746e+00  1.3040e+00  7.7022e-01 -3.4990e-02  3.6832e-01
 1.0008e+00  9.4999e-02  1.3050e+00  1.3040e+00  7.7022e-01 -3.4990e-02  3.6832e-01
 1.1008e+00  9.4999e-02  1.4354e+00  1.3040e+00  7.7022e-01 -3.4990e-02  3.6832e-01
 1.2008e+00  9.4999e-02  1.5657e+00  1.3040e+00  7.7022e-01 -3.4990e-02  3.6832e-01
 1.3007e+00  9.4999e-02  1.6961e+00  1.3040e+00  7.7022e-01 -3.4990e-02  3.6832e-01
 1.4007e+00  9.4999e-02  1.8265e+00  1.3040e+00  7.7022e-01 -3.4990e-02  3.6832e-01
 1.5007e+00  9.4999e-02  1.9569e+00  1.3040e+00  7.7022e-01 -3.4990e-02  3.6832e-01
 1.6007e+00  9.4999e-02  2.0872e+00  1.3040e+00  7.7022e-01 -3.4990e-02  3.6832e-01
 1.7007e+00  9.4999e-02  2.2176e+00  1.3040e+00  7.7022e-01 -3.4990e-02  3.6832e-01
 1.8006e+00  9.4999e-02  2.3480e+00  1.3040e+00  7.7022e-01 -3.4990e-02  3.6832e-01
 1.9006e+00  9.4999e-02  2.4783e+00  1.3040e+00  7.7022e-01 -3.4990e-02  3.6832e-01
 2.0006e+00  9.4999e-02  2.6087e+00  1.3040e+00  7.7022e-01 -3.4990e-02  3.6832e-01
 2.1006e+00  9.4999e-02  2.7391e+00  1.3040e+00  7.7022e-01 -3.4990e-02  3.6832e-01
 2.2006e+00  9.4999e-02  2.8694e+00  1.3040e+00  7.7022e-01 -3.4990e-02  3.6832e-01
 2.3005e+00  9.4999e-02  2.9998e+00  1.3040e+00  7.7022e-01 -3.4990e-02  3.6832e-01
 2.4005e+00  9.4999e-02  3.1302e+00  1.3040e+00  7.7022e-01 -3.4990e-02  3.6832e-01
 2.5005e+00  9.4999e-02  3.2606e+00  1.3040e+00  7.7022e-01 -3.4990e-02  3.6832e-01
 2.6005e+00  9.4999e-02  3.3909e+00  1.3040e+00  7.7022e-01 -3.4990e-02  3.6832e-01
 2.7005e+00  9.4999e-02  3.5213e+00  1.3040e+00  7.7022e-01 -3.4990e-02  3.6832e-01
 2.8004e+00  9.4999e-02  3.6517e+00  1.3040e+00  7.7022e-01 -3.4990e-02  3.6832e-01
 2.9004e+00  9.4999e-02  3.7820e+00  1.3040e+00  7.7022e-01 -3.4990e-02  3.6832e-01
 3.0004e+00  9.4999e-02  3.9124e+00  1.3040e+00  7.7022e-01 -3.4990e-02  3.6832e-01
 3.1004e+00  9.4999e-02  4.0428e+00  1.3040e+00  7.7022e-01 -3.4990e-02  3.6832e-01
 3.2004e+00  9.4999e-02  4.1731e+00  1.3040e+00  7.7022e-01 -3.4990e-02  3.6832e-01
 3.3003e+00  9.4999e-02  4.3035e+00  1.3040e+00  7.7022e-01 -3.4990e-02  3.6832e-01
 3.4003e+00  9.4999e-02  4.4339e+00  1.3040e+00  7.7022e-01 -3.4990e-02  3.6832e-01
 3.5003e+00  9.4999e-02  4.5643e+00  1.3040e+00  7.7022e-01 -3.4990e-02  3.6832e-01
 3.6003e+00  9.4999e-02  4.6946e+00  1.3040e+00  7.7022e-01 -3.4990e-02  3.6832e-01
 3.7003e+00  9.4999e-02  4.8250e+00  1.3040e+00  7.7022e-01 -3.4990e-02  3.6832e-01
 3.8002e+00  9.4999e-02  4.9554e+00  1.3040e+00  7.7022e-01 -3.4990e-02  3.6832e-01
 3.9002e+00  9.4999e-02  5.0857e+00  1.3040e+00  7.7022e-01 -3.4990e-02  3.6832e-01
 4.0002e+00  9.4999e-02  5.2161e+00  1.3040e+00  7.7022e-01 -3.4990e-02  3.6832e-01
 4.1002e+00  9.4999e-02  5.3465e+00  1.3040e+00  7.7022e-01 -3.4990e-02  3.6832e-01
 4.2002e+00  9.4999e-02  5.4768e+00  1.3040e+00  7.7022e-01 -3.4990e-02  3.6832e-01
 4.3001e+00  9.4999e-02  5.6072e+00  1.3040e+00  7.7022e-01 -3.4990e-02  3.6832e-01
 4.4001e+00  9.4999e-02  5.7376e+00  1.3040e+00  7.7022e-01 -3.4990e-02  3.6832e-01
 4.5001e+00  9.4999e-02  5.8680e+00  1.3040e+00  7.7022e-01 -3.4990e-02  3.6832e-01
 4.6001e+00  9.4999e-02  5.9983e+00  1.3040e+00  7.7022e-01 -3.4990e-02  3.6832e-01
 4.7001e+00  9.4999e-02  6.1287e+00  1.3040e+00  7.7022e-01 -3.4990e-02  3.6832e-01
 4.8000e+00  9.4999e-02  6.2591e+00  1.3040e+00  7.7022e-01 -3.4990e-02  3.6832e-01
 4.9000e+00  9.4999e-02  6.3894e+00  1.3040e+00  7.7022e-01 -3.4990e-02  3.6832e-01
 5.0000e+00  9.4999e-02  6.5198e+00  1.3040e+00  7.7022e-01 -3.4990e-02  3.6832e-01
 5.0000e+00  9.4999e-02  6.5198e+00  1.3040e+00  7.7022e-01 -3.4990e-02  3.6832e-01
 5.3000e+00  9.4999e-02  6.9110e+00  1.3040e+00  7.7022e-01 -3.4990e-02  3.6832e-01
 5.6000e+00  9.4999e-02  7.3022e+00  1.3040e+00  7.7022e-01 -3.4990e-02  3.6832e-01
 5.9000e+00  9.4999e-02  7.6934e+00  1.3040e+00  7.7022e-01 -3.4990e-02  3.6832e-01
 6.2000e+00  9.4999e-02  8.0846e+00  1.3040e+00  7.7022e-01 -3.4990e-02  3.6832e-01
 6.5000e+00  9.4999e-02  8.4757e+00  1.3040e+00  7.7022e-01 -3.4990e-02  3.6832e-01
 6.8000e+00  9.4999e-02  8.8669e+00  1.3040e+00  7.7022e-01 -3.4990e-02  3.6832e-01
 7.1000e+00  9.4999e-02  9.2581e+00  1.3040e+00  7.7022e-01 -3.4990e-02  3.6832e-01
 7.4000e+00  9.4999e-02  9.6493e+00  1.3040e+00  7.7022e-01 -3.4990e-02  3.6832e-01
 7.7000e+00  9.4999e-02  1.0041e+01  1.3040e+00  7.7022e-01 -3.4990e-02  3.6832e-01
 8.0000e+00  9.4999e-02  1.0432e+01  1.3040e+00  7.7022e-01 -3.4990e-02  3.6832e-01
 8.3000e+00  9.4999e-02  1.0823e+01  1.3040e+00  7.7022e-01 -3.4990e-02  3.6832e-01
 8.6000e+00  9.4999e-02  1.1214e+01  1.3040e+00  7.7022e-01 -3.4990e-02  3.6832e-01
 8.9000e+00  9.4999e-02  1.1605e+01  1.3040e+00  7.7022e-01 -3.4990e-02  3.6832e-01
 9.2000e+00  9.4999e-02  1.1996e+01  1.3040e+00  7.7022e-01 -3.4990e-02  3.6832e-01
 9.5000e+00  9.4999e-02  1.2388e+01  1.3040e+00  7.7022e-01 -3.4990e-02  3.6832e-01
 9.8000e+00  9.4999e-02  1.2779e+01  1.3040e+00  7.7022e-01 -3.4990e-02  3.6832e-01
 1.0100e+01  9.4999e-02  1.3170e+01  1.3040e+00  7.7022e-01 -3.4990e-02  3.6832e-01
 1.0400e+01  9.4999e-02  1.3561e+01  1.3040e+00  7.7022e-01 -3.4990e-02  3.6832e-01
 1.0700e+01  9.4999e-02  1.3952e+01  1.3040e+00  7.7022e-01 -3.4990e-02  3.6832e-01
 1.1000e+01  9.4999e-02  1.4344e+01  1.3040e+00  7.7022e-01 -3.4990e-02  3.6832e-01
 1.1300e+01  9.4999e-02  1.4735e+01  1.3040e+00  7.7022e-01 -3.4990e-02  3.6832e-01
 1.1600e+01  9.4999e-02  1.5126e+01  1.3040e+00  7.7022e-01 -3.4990e-02  3.6832e-01
 1.1900e+01  9.4999e-02  1.5517e+01  1.3040e+00  7.7022e-01 -3.4990e-02  3.6832e-01
 1.2200e+01  9.4999e-02  1.5908e+01  1.3040e+00  7.7022e-01 -3.4990e-02  3.6832e-01
 1.2500e+01  9.4999e-02  1.6300e+01  1.3040e+00  7.7022e-01 -3.4990e-02  3.6832e-01
 1.2800e+01  9.4999e-02  1.6691e+01  1.3040e+00  7.7022e-01 -3.4990e-02  3.6832e-01
 1.3100e+01  9.4999e-02  1.7082e+01  1.3040e+00  7.7022e-01 -3.4990e-02  3.6832e-01
 1.3400e+01  9.4999e-02  1.7473e+01  1.3040e+00  7.7022e-01 -3.4990e-02  3.6832e-01
 1.3700e+01  9.4999e-02  1.7864e+01  1.3040e+00  7.7022e-01 -3.4990e-02  3.6832e-01
 1.4000e+01  9.4999e-02  1.8255e+01  1.3040e+00  7.7022e-01 -3.4990e-02  3.6832e-01
 1.4300e+01  9.4999e-02  1.8647e+01  1.3040e+00  7.7022e-01 -3.4990e-02  3.6832e-01
 1.4600e+01  9.4999e-02  1.9038e+01  1.3040e+00  7.7022e-01 -3.4990e-02  3.6832e-01
 1.4900e+01  9.4999e-02  1.9429e+01  1.3040e+00  7.7022e-01 -3.4990e-02  3.6832e-01
 1.5200e+01  9.4999e-02  1.9820e+01  1.3040e+00  7.7022e-01 -3.4990e-02  3.6832e-01
 1.5500e+01  9.4999e-02  2.0211e+01  1.3040e+00  7.7022e-01 -3.4990e-02  3.6832e-01
 1.5800e+01  9.4999e-02  2.0603e+01  1.3040e+00  7.7022e-01 -3.4990e-02  3.6832e-01
 1.6100e+01  9.4999e-02  2.0994e+01  1.3040e+00  7.7022e-01 -3.4990e-02  3.6832e-01
 1.6400e+01  9.4999e-02  2.1385e+01  1.3040e+00  7.7022e-01 -3.4990e-02  3.6832e-01
 1.6700e+01  9.4999e-02  2.1776e+01  1.3040e+00  7.7022e-01 -3.4990e-02  3.6832e-01
 1.7000e+01  9.4999e-02  2.2167e+01  1.3040e+00  7.7022e-01 -3.4990e-02  3.6832e-01
 1.7300e+01  9.4999e-02  2.2559e+01  1.3040e+00  7.7022e-01 -3.4990e-02  3.6832e-01
 1.7600e+01  9.4999e-02  2.2950e+01  1.3040e+00  7.7022e-01 -3.4990e-02  3.6832e-01
 1.7900e+01  9.4999e-02  2.3341e+01  1.3040e+00  7.7022e-01 -3.4990e-02  3.6832e-01
 1.8200e+01  9.4999e-02  2.3732e+01  1.3040e+00  7.7022e-01 -3.4990e-02  3.6832e-01
 1.8500e+01  9.4999e-02  2.4123e+01  1.3040e+00  7.7022e-01 -3.4990e-02  3.6832e-01
 1.8800e+01  9.4999e-02  2.4514e+01  1.3040e+00  7.7022e-01 -3.4990e-02  3.6832e-01
 1.9100e+01  9.4999e-02  2.4906e+01  1.3040e+00  7.7022e-01 -3.4990e-02  3.6832e-01
 1.9400e+01  9.4999e-02  2.5297e+01  1.3040e+00  7.7022e-01 -3.4990e-02  3.6832e-01
 1.9700e+01  9.4999e-02  2.5688e+01  1.3040e+00  7.7022e-01 -3.4990e-02  3.6832e-01
 2.0000e+01  9.4999e-02  2.6079e+01  1.3040e+00  7.7022e-01 -3.4990e-02  3.6832e-01
