 1.0000e-03  2.5918e-05  1.2156e-03  1.2156e+00  8.2266e-01 -8.5299e-02  3.9750e-01
 1.0098e-01  2.5521e-03  1.2299e-01  1.2180e+00  8.2126e-01 -8.4014e-02  3.9685e-01
 2.0096e-01  4.9550e-03  2.4522e-01  1.2202e+00  8.1993e-01 -8.2790e-02  3.9623e-01
 3.0094e-01  7.2429e-03  3.6786e-01  1.2224e+00  8.1867e-01 -8.1622e-02  3.9563e-01
 4.0092e-01  9.4234e-03  4.9090e-01  1.2244e+00  8.1746e-01 -8.0507e-02  3.9505e-01
 5.0090e-01  1.1503e-02  6.1430e-01  1.2264e+00  8.1631e-01 -7.9441e-02  3.9449e-01
 6.0088e-01  1.3489e-02  7.3804e-01  1.2283e+00  8.1521e-01 -7.8422e-02  3.9396e-01
 7.0086e-01  1.5387e-02  8.6210e-01  1.2301e+00  8.1416e-01 -7.7446e-02  3.9345e-01
 8.0084e-01  1.7202e-02  9.8645e-01  1.2318e+00  8.1316e-01 -7.6511e-02  3.9295e-01
 9.0082e-01  1.8939e-02  1.1111e+00  1.2334e+00  8.1220e-01 -7.5615e-02  3.9247e-01
 1.0008e+00  2.0603e-02  1.2360e+00  1.2350e+00  8.1128e-01 -7.4756e-02  3.9201e-01
 1.1008e+00  2.2199e-02  1.3611e+00  1.2365e+00  8.1039e-01 -7.3931e-02  3.9157e-01
 1.2008e+00  2.3729e-02  1.4864e+00  1.2379e+00  8.0955e-01 -7.3138e-02  3.9114e-01
 1.3007e+00  2.5199e-02  1.6120e+00  1.2393e+00  8.0874e-01 -7.2375e-02  3.9073e-01
 1.4007e+00  2.6612e-02  1.7378e+00  1.2406e+00  8.0796e-01 -7.1642e-02  3.9033e-01
 1.5007e+00  2.7969e-02  1.8637e+00  1.2419e+00  8.0721e-01 -7.0936e-02  3.8994e-01
 1.6007e+00  2.9276e-02  1.9898e+00  1.2431e+00  8.0648e-01 -7.0256e-02  3.8957e-01
 1.7007e+00  3.0534e-02  2.1161e+00  1.2443e+00  8.0579e-01 -6.9601e-02  3.8921e-01
 1.8006e+00  3.1746e-02  2.2426e+00  1.2454e+00  8.0512e-01 -6.8968e-02  3.8886e-01
 1.9006e+00  3.2914e-02  2.3692e+00  1.2465e+00  8.0448e-01 -6.8358e-02  3.8852e-01
 2.0006e+00  3.4041e-02  2.4959e+00  1.2476e+00  8.0385e-01 -6.7769e-02  3.8819e-01
 2.1006e+00  3.5129e-02  2.6228e+00  1.2486e+00  8.0325e-01 -6.7200e-02  3.8788e-01
 2.2006e+00  3.6179e-02  2.7498e+00  1.2496e+00  8.0267e-01 -6.6650e-02  3.8757e-01
 2.3005e+00  3.7194e-02  2.8769e+00  1.2505e+00  8.0211e-01 -6.6118e-02  3.8727e-01
 2.4005e+00  3.8175e-02  3.0042e+00  1.2515e+00  8.0157e-01 -6.5603e-02  3.8698e-01
 2.5005e+00  3.9125e-02  3.1315e+00  1.2523e+00  8.0105e-01 -6.5105e-02  3.8670e-01
 2.6005e+00  4.0043e-02  3.2589e+00  1.2532e+00  8.0054e-01 -6.4622e-02  3.8643e-01
 2.7005e+00  4.0932e-02  3.3865e+00  1.2540e+00  8.0005e-01 -6.4155e-02  3.8616e-01
 2.8004e+00  4.1794e-02  3.5141e+00  1.2548e+00  7.9958e-01 -6.3701e-02  3.8590e-01
 2.9004e+00  4.2629e-02  3.6418e+00  1.2556e+00  7.9911e-01 -6.3261e-02  3.8565e-01
 3.0004e+00  4.3438e-02  3.7696e+00  1.2564e+00  7.9867e-01 -6.2835e-02  3.8541e-01
 3.1004e+00  4.4224e-02  3.8975e+00  1.2571e+00  7.9823e-01 -6.2420e-02  3.8517e-01
 3.2004e+00  4.4986e-02  4.0255e+00  1.2578e+00  7.9781e-01 -6.2018e-02  3.8494e-01
 3.3003e+00  4.5726e-02  4.1535e+00  1.2585e+00  7.9741e-01 -6.1627e-02  3.8472e-01
 3.4003e+00  4.6444e-02  4.2816e+00  1.2592e+00  7.9701e-01 -6.1247e-02  3.8450e-01
 3.5003e+00  4.7143e-02  4.4098e+00  1.2598e+00  7.9662e-01 -6.0878e-02  3.8428e-01
 3.6003e+00  4.7821e-02  4.5380e+00  1.2605e+00  7.9625e-01 -6.0519e-02  3.8408e-01
 3.7003e+00  4.8481e-02  4.6663e+00  1.2611e+00  7.9589e-01 -6.0169e-02  3.8387e-01
 3.8002e+00  4.9123e-02  4.7947e+00  1.2617e+00  7.9553e-01 -5.9829e-02  3.8368e-01
 3.9002e+00  4.9748e-02  4.9231e+00  1.2623e+00  7.9519e-01 -5.9498e-02  3.8348e-01
 4.0002e+00  5.0356e-02  5.0516e+00  1.2628e+00  7.9485e-01 -5.9175e-02  3.8330e-01
 4.1002e+00  5.0949e-02  5.1801e+00  1.2634e+00  7.9453e-01 -5.8861e-02  3.8311e-01
 4.2002e+00  5.1526e-02  5.3087e+00  1.2639e+00  7.9421e-01 -5.8555e-02  3.8293e-01
 4.3001e+00  5.2088e-02  5.4373e+00  1.2644e+00  7.9390e-01 -5.8256e-02  3.8276e-01
 4.4001e+00  5.2636e-02  5.5659e+00  1.2650e+00  7.9359e-01 -5.7965e-02  3.8259e-01
 4.5001e+00  5.3170e-02  5.6946e+00  1.2654e+00  7.9330e-01 -5.7681e-02  3.8242e-01
 4.6001e+00  5.3691e-02  5.8234e+00  1.2659e+00  7.9301e-01 -5.7403e-02  3.8226e-01
 4.7001e+00  5.4199e-02  5.9522e+00  1.2664e+00  7.9273e-01 -5.7133e-02  3.8210e-01
 4.8000e+00  5.4695e-02  6.0810e+00  1.2669e+00  7.9246e-01 -5.6869e-02  3.8194e-01
 4.9000e+00  5.5180e-02  6.2099e+00  1.2673e+00  7.9219e-01 -5.6610e-02  3.8179e-01
 5.0000e+00  5.5653e-02  6.3388e+00  1.2678e+00  7.9193e-01 -5.6358e-02  3.8164e-01
 5.0000e+00  5.5653e-02  6.3388e+00  1.2678e+00  7.9193e-01 -5.6358e-02  3.8164e-01
 5.3000e+00  5.7007e-02  6.7258e+00  1.2690e+00  7.9118e-01 -5.5636e-02  3.8122e-01
 5.6000e+00  5.8272e-02  7.1131e+00  1.2702e+00  7.9049e-01 -5.4960e-02  3.8081e-01
 5.9000e+00  5.9456e-02  7.5006e+00  1.2713e+00  7.8983e-01 -5.4327e-02  3.8044e-01
 6.2000e+00  6.0567e-02  7.8884e+00  1.2723e+00  7.8922e-01 -5.3732e-02  3.8008e-01
 6.5000e+00  6.1611e-02  8.2764e+00  1.2733e+00  7.8865e-01 -5.3173e-02  3.7975e-01
 6.8000e+00  6.2594e-02  8.6645e+00  1.2742e+00  7.8810e-01 -5.2646e-02  3.7943e-01
 7.1000e+00  6.3520e-02  9.0529e+00  1.2751e+00  7.8759e-01 -5.2149e-02  3.7913e-01
 7.4000e+00  6.4396e-02  9.4414e+00  1.2759e+00  7.8711e-01 -5.1678e-02  3.7884e-01
 7.7000e+00  6.5224e-02  9.8301e+00  1.2766e+00  7.8665e-01 -5.1233e-02  3.7857e-01
 8.0000e+00  6.6009e-02  1.0219e+01  1.2774e+00  7.8622e-01 -5.0811e-02  3.7832e-01
 8.3000e+00  6.6754e-02  1.0608e+01  1.2780e+00  7.8581e-01 -5.0410e-02  3.7807e-01
 8.6000e+00  6.7462e-02  1.0997e+01  1.2787e+00  7.8542e-01 -5.0028e-02  3.7784e-01
 8.9000e+00  6.8135e-02  1.1386e+01  1.2793e+00  7.8505e-01 -4.9665e-02  3.7762e-01
 9.2000e+00  6.8776e-02  1.1775e+01  1.2799e+00  7.8469e-01 -4.9319e-02  3.7741e-01
 9.5000e+00  6.9387e-02  1.2165e+01  1.2805e+00  7.8436e-01 -4.8989e-02  3.7721e-01
 9.8000e+00  6.9971e-02  1.2554e+01  1.2810e+00  7.8403e-01 -4.8674e-02  3.7701e-01
 1.0100e+01  7.0529e-02  1.2943e+01  1.2815e+00  7.8373e-01 -4.8373e-02  3.7683e-01
 1.0400e+01  7.1062e-02  1.3333e+01  1.2820e+00  7.8343e-01 -4.8084e-02  3.7665e-01
 1.0700e+01  7.1573e-02  1.3723e+01  1.2825e+00  7.8315e-01 -4.7808e-02  3.7648e-01
 1.1000e+01  7.2062e-02  1.4112e+01  1.2829e+00  7.8288e-01 -4.7543e-02  3.7632e-01
 1.1300e+01  7.2532e-02  1.4502e+01  1.2834e+00  7.8262e-01 -4.7289e-02  3.7616e-01
 1.1600e+01  7.2982e-02  1.4892e+01  1.2838e+00  7.8237e-01 -4.7045e-02  3.7601e-01
 1.1900e+01  7.3415e-02  1.5282e+01  1.2842e+00  7.8213e-01 -4.6810e-02  3.7586e-01
 1.2200e+01  7.3832e-02  1.5672e+01  1.2846e+00  7.8190e-01 -4.6585e-02  3.7572e-01
 1.2500e+01  7.4232e-02  1.6062e+01  1.2849e+00  7.8168e-01 -4.6367e-02  3.7559e-01
 1.2800e+01  7.4618e-02  1.6452e+01  1.2853e+00  7.8147e-01 -4.6158e-02  3.7546e-01
 1.3100e+01  7.4990e-02  1.6842e+01  1.2856e+00  7.8127e-01 -4.5956e-02  3.7533e-01
 1.3400e+01  7.5348e-02  1.7232e+01  1.2860e+00  7.8107e-01 -4.5762e-02  3.7521e-01
 1.3700e+01  7.5694e-02  1.7622e+01  1.2863e+00  7.8088e-01 -4.5574e-02  3.7509e-01
 1.4000e+01  7.6028e-02  1.8012e+01  1.2866e+00  7.8069e-01 -4.5392e-02  3.7498e-01
 1.4300e+01  7.6351e-02  1.8403e+01  1.2869e+00  7.8051e-01 -4.5217e-02  3.7487e-01
 1.4600e+01  7.6663e-02  1.8793e+01  1.2872e+00  7.8034e-01 -4.5048e-02  3.7476e-01
 1.4900e+01  7.6964e-02  1.9183e+01  1.2875e+00  7.8018e-01 -4.4884e-02  3.7466e-01
 1.5200e+01  7.7256e-02  1.9574e+01  1.2877e+00  7.8001e-01 -4.4725e-02  3.7456e-01
 1.5500e+01  7.7538e-02  1.9964e+01  1.2880e+00  7.7986e-01 -4.4571e-02  3.7447e-01
 1.5800e+01  7.7812e-02  2.0354e+01  1.2882e+00  7.7971e-01 -4.4422e-02  3.7437e-01
 1.6100e+01  7.8077e-02  2.0745e+01  1.2885e+00  7.7956e-01 -4.4278e-02  3.7428e-01
 1.6400e+01  7.8335e-02  2.1135e+01  1.2887e+00  7.7942e-01 -4.4138e-02  3.7419e-01
 1.6700e+01  7.8584e-02  2.1525e+01  1.2890e+00  7.7928e-01 -4.4002e-02  3.7411e-01
 1.7000e+01  7.8826e-02  2.1916e+01  1.2892e+00  7.7915e-01 -4.3870e-02  3.7403e-01
 1.7300e+01  7.9061e-02  2.2306e+01  1.2894e+00  7.7902e-01 -4.3742e-02  3.7394e-01
 1.7600e+01  7.9290e-02  2.2697e+01  1.2896e+00  7.7889e-01 -4.3617e-02  3.7387e-01
 1.7900e+01  7.9512e-02  2.3087e+01  1.2898e+00  7.7877e-01 -4.3496e-02  3.7379e-01
 1.8200e+01  7.9728e-02  2.3478e+01  1.2900e+00  7.7865e-01 -4.3379e-02  3.7372e-01
 1.8500e+01  7.9937e-02  2.3869e+01  1.2902e+00  7.7854e-01 -4.3264e-02  3.7364e-01
 1.8800e+01  8.0142e-02  2.4259e+01  1.2904e+00  7.7842e-01 -4.3153e-02  3.7357e-01
 1.9100e+01  8.0340e-02  2.4650e+01  1.2906e+00  7.7831e-01 -4.3045e-02  3.7350e-01
 1.9400e+01  8.0534e-02  2.5040e+01  1.2907e+00  7.7821e-01 -4.2939e-02  3.7344e-01
 1.9700e+01  8.0722e-02  2.5431e+01  1.2909e+00  7.7810e-01 -4.2836e-02  3.7337e-01
 2.0000e+01  8.0906e-02  2.5822e+01  1.2911e+00  7.7800e-01 -4.2736e-02  3.7331e-01
