 1.0000e-03  3.4555e-05  1.2156e-03  1.2156e+00  8.2266e-01 -8.5294e-02  3.9750e-01
 1.0098e-01  3.3744e-03  1.2307e-01  1.2187e+00  8.2081e-01 -8.3596e-02  3.9664e-01
 2.0096e-01  6.5002e-03  2.4551e-01  1.2217e+00  8.1908e-01 -8.2002e-02  3.9582e-01
 3.0094e-01  9.4305e-03  3.6848e-01  1.2244e+00  8.1745e-01 -8.0503e-02  3.9505e-01
 4.0092e-01  1.2182e-02  4.9195e-01  1.2270e+00  8.1593e-01 -7.9093e-02  3.9431e-01
 5.0090e-01  1.4770e-02  6.1585e-01  1.2295e+00  8.1450e-01 -7.7763e-02  3.9361e-01
 6.0088e-01  1.7208e-02  7.4015e-01  1.2318e+00  8.1315e-01 -7.6508e-02  3.9295e-01
 7.0086e-01  1.9507e-02  8.6482e-01  1.2339e+00  8.1188e-01 -7.5322e-02  3.9232e-01
 8.0084e-01  2.1679e-02  9.8983e-01  1.2360e+00  8.1068e-01 -7.4199e-02  3.9171e-01
 9.0082e-01  2.3734e-02  1.1151e+00  1.2379e+00  8.0955e-01 -7.3135e-02  3.9114e-01
 1.0008e+00  2.5681e-02  1.2407e+00  1.2397e+00  8.0847e-01 -7.2125e-02  3.9059e-01
 1.1008e+00  2.7527e-02  1.3666e+00  1.2415e+00  8.0745e-01 -7.1166e-02  3.9007e-01
 1.2008e+00  2.9280e-02  1.4927e+00  1.2431e+00  8.0648e-01 -7.0254e-02  3.8957e-01
 1.3007e+00  3.0947e-02  1.6190e+00  1.2447e+00  8.0556e-01 -6.9385e-02  3.8909e-01
 1.4007e+00  3.2533e-02  1.7455e+00  1.2462e+00  8.0469e-01 -6.8557e-02  3.8863e-01
 1.5007e+00  3.4045e-02  1.8723e+00  1.2476e+00  8.0385e-01 -6.7767e-02  3.8819e-01
 1.6007e+00  3.5487e-02  1.9992e+00  1.2489e+00  8.0306e-01 -6.7013e-02  3.8777e-01
 1.7007e+00  3.6863e-02  2.1262e+00  1.2502e+00  8.0230e-01 -6.6292e-02  3.8737e-01
 1.8006e+00  3.8179e-02  2.2534e+00  1.2515e+00  8.0157e-01 -6.5602e-02  3.8698e-01
 1.9006e+00  3.9437e-02  2.3808e+00  1.2526e+00  8.0088e-01 -6.4941e-02  3.8661e-01
 2.0006e+00  4.0642e-02  2.5083e+00  1.2538e+00  8.0021e-01 -6.4307e-02  3.8625e-01
 2.1006e+00  4.1797e-02  2.6359e+00  1.2548e+00  7.9957e-01 -6.3700e-02  3.8590e-01
 2.2006e+00  4.2904e-02  2.7636e+00  1.2559e+00  7.9896e-01 -6.3116e-02  3.8557e-01
 2.3005e+00  4.3967e-02  2.8915e+00  1.2569e+00  7.9838e-01 -6.2556e-02  3.8525e-01
 2.4005e+00  4.4988e-02  3.0194e+00  1.2578e+00  7.9781e-01 -6.2017e-02  3.8494e-01
 2.5005e+00  4.5970e-02  3.1475e+00  1.2587e+00  7.9727e-01 -6.1498e-02  3.8464e-01
 2.6005e+00  4.6914e-02  3.2756e+00  1.2596e+00  7.9675e-01 -6.0999e-02  3.8435e-01
 2.7005e+00  4.7824e-02  3.4038e+00  1.2605e+00  7.9625e-01 -6.0518e-02  3.8408e-01
 2.8004e+00  4.8700e-02  3.5322e+00  1.2613e+00  7.9577e-01 -6.0054e-02  3.8381e-01
 2.9004e+00  4.9544e-02  3.6605e+00  1.2621e+00  7.9530e-01 -5.9606e-02  3.8355e-01
 3.0004e+00  5.0358e-02  3.7890e+00  1.2628e+00  7.9485e-01 -5.9174e-02  3.8330e-01
 3.1004e+00  5.1145e-02  3.9175e+00  1.2636e+00  7.9442e-01 -5.8757e-02  3.8305e-01
 3.2004e+00  5.1904e-02  4.0461e+00  1.2643e+00  7.9400e-01 -5.8354e-02  3.8282e-01
 3.3003e+00  5.2637e-02  4.1748e+00  1.2650e+00  7.9359e-01 -5.7964e-02  3.8259e-01
 3.4003e+00  5.3347e-02  4.3035e+00  1.2656e+00  7.9320e-01 -5.7587e-02  3.8237e-01
 3.5003e+00  5.4033e-02  4.4323e+00  1.2663e+00  7.9282e-01 -5.7221e-02  3.8215e-01
 3.6003e+00  5.4697e-02  4.5611e+00  1.2669e+00  7.9246e-01 -5.6868e-02  3.8194e-01
 3.7003e+00  5.5340e-02  4.6900e+00  1.2675e+00  7.9210e-01 -5.6525e-02  3.8174e-01
 3.8002e+00  5.5963e-02  4.8189e+00  1.2680e+00  7.9176e-01 -5.6193e-02  3.8155e-01
 3.9002e+00  5.6567e-02  4.9478e+00  1.2686e+00  7.9143e-01 -5.5870e-02  3.8135e-01
 4.0002e+00  5.7153e-02  5.0769e+00  1.2692e+00  7.9110e-01 -5.5558e-02  3.8117e-01
 4.1002e+00  5.7722e-02  5.2059e+00  1.2697e+00  7.9079e-01 -5.5254e-02  3.8099e-01
 4.2002e+00  5.8273e-02  5.3350e+00  1.2702e+00  7.9049e-01 -5.4960e-02  3.8081e-01
 4.3001e+00  5.8809e-02  5.4641e+00  1.2707e+00  7.9019e-01 -5.4673e-02  3.8064e-01
 4.4001e+00  5.9329e-02  5.5933e+00  1.2712e+00  7.8990e-01 -5.4395e-02  3.8048e-01
 4.5001e+00  5.9835e-02  5.7225e+00  1.2716e+00  7.8962e-01 -5.4124e-02  3.8032e-01
 4.6001e+00  6.0327e-02  5.8517e+00  1.2721e+00  7.8935e-01 -5.3861e-02  3.8016e-01
 4.7001e+00  6.0805e-02  5.9810e+00  1.2725e+00  7.8909e-01 -5.3605e-02  3.8000e-01
 4.8000e+00  6.1270e-02  6.1103e+00  1.2730e+00  7.8883e-01 -5.3356e-02  3.7986e-01
 4.9000e+00  6.1723e-02  6.2396e+00  1.2734e+00  7.8858e-01 -5.3113e-02  3.7971e-01
 5.0000e+00  6.2164e-02  6.3690e+00  1.2738e+00  7.8834e-01 -5.2877e-02  3.7957e-01
 5.0000e+00  6.2164e-02  6.3690e+00  1.2738e+00  7.8834e-01 -5.2877e-02  3.7957e-01
 5.3000e+00  6.3420e-02  6.7573e+00  1.2750e+00  7.8765e-01 -5.2203e-02  3.7916e-01
 5.6000e+00  6.4584e-02  7.1458e+00  1.2760e+00  7.8701e-01 -5.1577e-02  3.7878e-01
 5.9000e+00  6.5665e-02  7.5345e+00  1.2770e+00  7.8641e-01 -5.0996e-02  3.7843e-01
 6.2000e+00  6.6673e-02  7.9234e+00  1.2780e+00  7.8585e-01 -5.0453e-02  3.7810e-01
 6.5000e+00  6.7614e-02  8.3125e+00  1.2788e+00  7.8533e-01 -4.9946e-02  3.7779e-01
 6.8000e+00  6.8495e-02  8.7017e+00  1.2797e+00  7.8485e-01 -4.9471e-02  3.7750e-01
 7.1000e+00  6.9321e-02  9.0910e+00  1.2804e+00  7.8439e-01 -4.9025e-02  3.7723e-01
 7.4000e+00  7.0097e-02  9.4804e+00  1.2811e+00  7.8396e-01 -4.8606e-02  3.7697e-01
 7.7000e+00  7.0828e-02  9.8699e+00  1.2818e+00  7.8356e-01 -4.8211e-02  3.7673e-01
 8.0000e+00  7.1517e-02  1.0260e+01  1.2824e+00  7.8318e-01 -4.7838e-02  3.7650e-01
 8.3000e+00  7.2168e-02  1.0649e+01  1.2830e+00  7.8282e-01 -4.7486e-02  3.7628e-01
 8.6000e+00  7.2784e-02  1.1039e+01  1.2836e+00  7.8248e-01 -4.7152e-02  3.7607e-01
 8.9000e+00  7.3368e-02  1.1429e+01  1.2842e+00  7.8216e-01 -4.6836e-02  3.7588e-01
 9.2000e+00  7.3922e-02  1.1819e+01  1.2847e+00  7.8185e-01 -4.6536e-02  3.7569e-01
 9.5000e+00  7.4449e-02  1.2209e+01  1.2851e+00  7.8156e-01 -4.6250e-02  3.7551e-01
 9.8000e+00  7.4949e-02  1.2599e+01  1.2856e+00  7.8129e-01 -4.5978e-02  3.7534e-01
 1.0100e+01  7.5426e-02  1.2989e+01  1.2860e+00  7.8102e-01 -4.5719e-02  3.7518e-01
 1.0400e+01  7.5881e-02  1.3379e+01  1.2865e+00  7.8077e-01 -4.5472e-02  3.7503e-01
 1.0700e+01  7.6315e-02  1.3769e+01  1.2869e+00  7.8053e-01 -4.5236e-02  3.7488e-01
 1.1000e+01  7.6730e-02  1.4160e+01  1.2872e+00  7.8030e-01 -4.5011e-02  3.7474e-01
 1.1300e+01  7.7127e-02  1.4550e+01  1.2876e+00  7.8009e-01 -4.4795e-02  3.7461e-01
 1.1600e+01  7.7507e-02  1.4940e+01  1.2880e+00  7.7988e-01 -4.4588e-02  3.7448e-01
 1.1900e+01  7.7872e-02  1.5331e+01  1.2883e+00  7.7967e-01 -4.4390e-02  3.7435e-01
 1.2200e+01  7.8221e-02  1.5721e+01  1.2886e+00  7.7948e-01 -4.4200e-02  3.7423e-01
 1.2500e+01  7.8557e-02  1.6112e+01  1.2889e+00  7.7930e-01 -4.4017e-02  3.7412e-01
 1.2800e+01  7.8879e-02  1.6502e+01  1.2892e+00  7.7912e-01 -4.3841e-02  3.7401e-01
 1.3100e+01  7.9189e-02  1.6893e+01  1.2895e+00  7.7895e-01 -4.3672e-02  3.7390e-01
 1.3400e+01  7.9487e-02  1.7283e+01  1.2898e+00  7.7878e-01 -4.3510e-02  3.7380e-01
 1.3700e+01  7.9775e-02  1.7674e+01  1.2900e+00  7.7862e-01 -4.3353e-02  3.7370e-01
 1.4000e+01  8.0052e-02  1.8064e+01  1.2903e+00  7.7847e-01 -4.3202e-02  3.7360e-01
 1.4300e+01  8.0319e-02  1.8455e+01  1.2905e+00  7.7832e-01 -4.3056e-02  3.7351e-01
 1.4600e+01  8.0576e-02  1.8845e+01  1.2908e+00  7.7818e-01 -4.2916e-02  3.7342e-01
 1.4900e+01  8.0825e-02  1.9236e+01  1.2910e+00  7.7805e-01 -4.2780e-02  3.7334e-01
 1.5200e+01  8.1065e-02  1.9627e+01  1.2912e+00  7.7791e-01 -4.2649e-02  3.7325e-01
 1.5500e+01  8.1297e-02  2.0017e+01  1.2914e+00  7.7778e-01 -4.2522e-02  3.7317e-01
 1.5800e+01  8.1522e-02  2.0408e+01  1.2916e+00  7.7766e-01 -4.2399e-02  3.7310e-01
 1.6100e+01  8.1740e-02  2.0799e+01  1.2918e+00  7.7754e-01 -4.2281e-02  3.7302e-01
 1.6400e+01  8.1950e-02  2.1189e+01  1.2920e+00  7.7742e-01 -4.2166e-02  3.7295e-01
 1.6700e+01  8.2154e-02  2.1580e+01  1.2922e+00  7.7731e-01 -4.2054e-02  3.7288e-01
 1.7000e+01  8.2352e-02  2.1971e+01  1.2924e+00  7.7720e-01 -4.1946e-02  3.7281e-01
 1.7300e+01  8.2543e-02  2.2362e+01  1.2926e+00  7.7710e-01 -4.1841e-02  3.7274e-01
 1.7600e+01  8.2729e-02  2.2753e+01  1.2928e+00  7.7699e-01 -4.1740e-02  3.7268e-01
 1.7900e+01  8.2910e-02  2.3143e+01  1.2929e+00  7.7689e-01 -4.1641e-02  3.7262e-01
 1.8200e+01  8.3085e-02  2.3534e+01  1.2931e+00  7.7680e-01 -4.1545e-02  3.7255e-01
 1.8500e+01  8.3255e-02  2.3925e+01  1.2932e+00  7.7670e-01 -4.1452e-02  3.7249e-01
 1.8800e+01  8.3421e-02  2.4316e+01  1.2934e+00  7.7661e-01 -4.1361e-02  3.7244e-01
 1.9100e+01  8.3582e-02  2.4707e+01  1.2935e+00  7.7652e-01 -4.1273e-02  3.7238e-01
 1.9400e+01  8.3738e-02  2.5097e+01  1.2937e+00  7.7644e-01 -4.1188e-02  3.7233e-01
 1.9700e+01  8.3891e-02  2.5488e+01  1.2938e+00  7.7635e-01 -4.1104e-02  3.7227e-01
 2.0000e+01  8.4039e-02  2.5879e+01  1.2940e+00  7.7627e-01 -4.1023e-02  3.7222e-01
