 1.0000e-03  2.0698e-04  1.2157e-03  1.2157e+00  8.2256e-01 -8.5207e-02  3.9746e-01
 1.0098e-01  1.7326e-02  1.2440e-01  1.2319e+00  8.1309e-01 -7.6447e-02  3.9292e-01
 2.0096e-01  2.9366e-02  2.4983e-01  1.2432e+00  8.0643e-01 -7.0209e-02  3.8954e-01
 3.0094e-01  3.8243e-02  3.7663e-01  1.2515e+00  8.0153e-01 -6.5568e-02  3.8696e-01
 4.0092e-01  4.5038e-02  5.0431e-01  1.2579e+00  7.9779e-01 -6.1990e-02  3.8493e-01
 5.0090e-01  5.0398e-02  6.3257e-01  1.2629e+00  7.9483e-01 -5.9153e-02  3.8328e-01
 6.0088e-01  5.4730e-02  7.6125e-01  1.2669e+00  7.9244e-01 -5.6850e-02  3.8193e-01
 7.0086e-01  5.8300e-02  8.9024e-01  1.2702e+00  7.9047e-01 -5.4945e-02  3.8081e-01
 8.0084e-01  6.1293e-02  1.0195e+00  1.2730e+00  7.8882e-01 -5.3343e-02  3.7985e-01
 9.0082e-01  6.3837e-02  1.1489e+00  1.2753e+00  7.8742e-01 -5.1979e-02  3.7903e-01
 1.0008e+00  6.6025e-02  1.2784e+00  1.2774e+00  7.8621e-01 -5.0802e-02  3.7831e-01
 1.1008e+00  6.7928e-02  1.4080e+00  1.2791e+00  7.8516e-01 -4.9777e-02  3.7769e-01
 1.2008e+00  6.9597e-02  1.5378e+00  1.2807e+00  7.8424e-01 -4.8876e-02  3.7714e-01
 1.3007e+00  7.1072e-02  1.6676e+00  1.2820e+00  7.8343e-01 -4.8079e-02  3.7665e-01
 1.4007e+00  7.2386e-02  1.7975e+00  1.2832e+00  7.8270e-01 -4.7368e-02  3.7621e-01
 1.5007e+00  7.3564e-02  1.9274e+00  1.2843e+00  7.8205e-01 -4.6730e-02  3.7581e-01
 1.6007e+00  7.4625e-02  2.0574e+00  1.2853e+00  7.8147e-01 -4.6154e-02  3.7545e-01
 1.7007e+00  7.5586e-02  2.1874e+00  1.2862e+00  7.8094e-01 -4.5632e-02  3.7513e-01
 1.8006e+00  7.6461e-02  2.3174e+00  1.2870e+00  7.8045e-01 -4.5157e-02  3.7483e-01
 1.9006e+00  7.7261e-02  2.4475e+00  1.2877e+00  7.8001e-01 -4.4722e-02  3.7456e-01
 2.0006e+00  7.7994e-02  2.5776e+00  1.2884e+00  7.7961e-01 -4.4323e-02  3.7431e-01
 2.1006e+00  7.8669e-02  2.7077e+00  1.2890e+00  7.7923e-01 -4.3955e-02  3.7408e-01
 2.2006e+00  7.9293e-02  2.8378e+00  1.2896e+00  7.7889e-01 -4.3616e-02  3.7386e-01
 2.3005e+00  7.9871e-02  2.9680e+00  1.2901e+00  7.7857e-01 -4.3301e-02  3.7367e-01
 2.4005e+00  8.0408e-02  3.0982e+00  1.2906e+00  7.7828e-01 -4.3008e-02  3.7348e-01
 2.5005e+00  8.0908e-02  3.2284e+00  1.2911e+00  7.7800e-01 -4.2735e-02  3.7331e-01
 2.6005e+00  8.1375e-02  3.3586e+00  1.2915e+00  7.7774e-01 -4.2480e-02  3.7315e-01
 2.7005e+00  8.1812e-02  3.4888e+00  1.2919e+00  7.7750e-01 -4.2241e-02  3.7300e-01
 2.8004e+00  8.2222e-02  3.6190e+00  1.2923e+00  7.7727e-01 -4.2017e-02  3.7285e-01
 2.9004e+00  8.2608e-02  3.7492e+00  1.2926e+00  7.7706e-01 -4.1806e-02  3.7272e-01
 3.0004e+00  8.2970e-02  3.8794e+00  1.2930e+00  7.7686e-01 -4.1608e-02  3.7259e-01
 3.1004e+00  8.3312e-02  4.0097e+00  1.2933e+00  7.7667e-01 -4.1421e-02  3.7247e-01
 3.2004e+00  8.3636e-02  4.1399e+00  1.2936e+00  7.7649e-01 -4.1244e-02  3.7236e-01
 3.3003e+00  8.3941e-02  4.2702e+00  1.2939e+00  7.7632e-01 -4.1076e-02  3.7226e-01
 3.4003e+00  8.4231e-02  4.4005e+00  1.2941e+00  7.7616e-01 -4.0918e-02  3.7215e-01
 3.5003e+00  8.4506e-02  4.5307e+00  1.2944e+00  7.7601e-01 -4.0767e-02  3.7206e-01
 3.6003e+00  8.4767e-02  4.6610e+00  1.2946e+00  7.7587e-01 -4.0624e-02  3.7197e-01
 3.7003e+00  8.5016e-02  4.7913e+00  1.2949e+00  7.7573e-01 -4.0488e-02  3.7188e-01
 3.8002e+00  8.5253e-02  4.9216e+00  1.2951e+00  7.7560e-01 -4.0358e-02  3.7180e-01
 3.9002e+00  8.5479e-02  5.0519e+00  1.2953e+00  7.7548e-01 -4.0234e-02  3.7172e-01
 4.0002e+00  8.5694e-02  5.1821e+00  1.2955e+00  7.7536e-01 -4.0116e-02  3.7164e-01
 4.1002e+00  8.5900e-02  5.3124e+00  1.2957e+00  7.7524e-01 -4.0003e-02  3.7157e-01
 4.2002e+00  8.6098e-02  5.4427e+00  1.2958e+00  7.7513e-01 -3.9895e-02  3.7150e-01
 4.3001e+00  8.6286e-02  5.5730e+00  1.2960e+00  7.7503e-01 -3.9791e-02  3.7143e-01
 4.4001e+00  8.6467e-02  5.7033e+00  1.2962e+00  7.7493e-01 -3.9692e-02  3.7137e-01
 4.5001e+00  8.6641e-02  5.8336e+00  1.2963e+00  7.7483e-01 -3.9596e-02  3.7131e-01
 4.6001e+00  8.6808e-02  5.9640e+00  1.2965e+00  7.7474e-01 -3.9505e-02  3.7125e-01
 4.7001e+00  8.6968e-02  6.0943e+00  1.2966e+00  7.7465e-01 -3.9417e-02  3.7119e-01
 4.8000e+00  8.7122e-02  6.2246e+00  1.2968e+00  7.7457e-01 -3.9332e-02  3.7114e-01
 4.9000e+00  8.7270e-02  6.3549e+00  1.2969e+00  7.7449e-01 -3.9251e-02  3.7109e-01
 5.0000e+00  8.7413e-02  6.4852e+00  1.2970e+00  7.7441e-01 -3.9173e-02  3.7104e-01
 5.0000e+00  8.7413e-02  6.4852e+00  1.2970e+00  7.7441e-01 -3.9173e-02  3.7104e-01
 5.3000e+00  8.7811e-02  6.8763e+00  1.2974e+00  7.7419e-01 -3.8954e-02  3.7090e-01
 5.6000e+00  8.8170e-02  7.2673e+00  1.2977e+00  7.7399e-01 -3.8757e-02  3.7077e-01
 5.9000e+00  8.8494e-02  7.6584e+00  1.2980e+00  7.7381e-01 -3.8578e-02  3.7065e-01
 6.2000e+00  8.8789e-02  8.0495e+00  1.2983e+00  7.7365e-01 -3.8416e-02  3.7055e-01
 6.5000e+00  8.9059e-02  8.4406e+00  1.2985e+00  7.7350e-01 -3.8268e-02  3.7045e-01
 6.8000e+00  8.9306e-02  8.8317e+00  1.2988e+00  7.7336e-01 -3.8132e-02  3.7036e-01
 7.1000e+00  8.9533e-02  9.2228e+00  1.2990e+00  7.7324e-01 -3.8007e-02  3.7028e-01
 7.4000e+00  8.9743e-02  9.6139e+00  1.2992e+00  7.7312e-01 -3.7891e-02  3.7021e-01
 7.7000e+00  8.9937e-02  1.0005e+01  1.2993e+00  7.7301e-01 -3.7784e-02  3.7014e-01
 8.0000e+00  9.0118e-02  1.0396e+01  1.2995e+00  7.7291e-01 -3.7685e-02  3.7007e-01
 8.3000e+00  9.0286e-02  1.0787e+01  1.2997e+00  7.7282e-01 -3.7592e-02  3.7001e-01
 8.6000e+00  9.0443e-02  1.1178e+01  1.2998e+00  7.7273e-01 -3.7506e-02  3.6996e-01
 8.9000e+00  9.0590e-02  1.1570e+01  1.2999e+00  7.7265e-01 -3.7425e-02  3.6991e-01
 9.2000e+00  9.0727e-02  1.1961e+01  1.3001e+00  7.7258e-01 -3.7349e-02  3.6986e-01
 9.5000e+00  9.0856e-02  1.2352e+01  1.3002e+00  7.7251e-01 -3.7278e-02  3.6981e-01
 9.8000e+00  9.0978e-02  1.2743e+01  1.3003e+00  7.7244e-01 -3.7210e-02  3.6977e-01
 1.0100e+01  9.1093e-02  1.3134e+01  1.3004e+00  7.7238e-01 -3.7147e-02  3.6973e-01
 1.0400e+01  9.1201e-02  1.3525e+01  1.3005e+00  7.7232e-01 -3.7087e-02  3.6969e-01
 1.0700e+01  9.1304e-02  1.3916e+01  1.3006e+00  7.7226e-01 -3.7031e-02  3.6965e-01
 1.1000e+01  9.1401e-02  1.4308e+01  1.3007e+00  7.7221e-01 -3.6977e-02  3.6962e-01
 1.1300e+01  9.1493e-02  1.4699e+01  1.3008e+00  7.7215e-01 -3.6927e-02  3.6958e-01
 1.1600e+01  9.1581e-02  1.5090e+01  1.3008e+00  7.7211e-01 -3.6878e-02  3.6955e-01
 1.1900e+01  9.1664e-02  1.5481e+01  1.3009e+00  7.7206e-01 -3.6832e-02  3.6952e-01
 1.2200e+01  9.1743e-02  1.5872e+01  1.3010e+00  7.7202e-01 -3.6789e-02  3.6949e-01
 1.2500e+01  9.1819e-02  1.6263e+01  1.3011e+00  7.7197e-01 -3.6747e-02  3.6947e-01
 1.2800e+01  9.1891e-02  1.6654e+01  1.3011e+00  7.7193e-01 -3.6707e-02  3.6944e-01
 1.3100e+01  9.1960e-02  1.7046e+01  1.3012e+00  7.7190e-01 -3.6669e-02  3.6941e-01
 1.3400e+01  9.2026e-02  1.7437e+01  1.3013e+00  7.7186e-01 -3.6632e-02  3.6939e-01
 1.3700e+01  9.2089e-02  1.7828e+01  1.3013e+00  7.7183e-01 -3.6598e-02  3.6937e-01
 1.4000e+01  9.2150e-02  1.8219e+01  1.3014e+00  7.7179e-01 -3.6564e-02  3.6935e-01
 1.4300e+01  9.2208e-02  1.8610e+01  1.3014e+00  7.7176e-01 -3.6532e-02  3.6933e-01
 1.4600e+01  9.2264e-02  1.9001e+01  1.3015e+00  7.7173e-01 -3.6501e-02  3.6931e-01
 1.4900e+01  9.2317e-02  1.9393e+01  1.3015e+00  7.7170e-01 -3.6472e-02  3.6929e-01
 1.5200e+01  9.2369e-02  1.9784e+01  1.3016e+00  7.7167e-01 -3.6443e-02  3.6927e-01
 1.5500e+01  9.2418e-02  2.0175e+01  1.3016e+00  7.7164e-01 -3.6416e-02  3.6925e-01
 1.5800e+01  9.2466e-02  2.0566e+01  1.3017e+00  7.7162e-01 -3.6390e-02  3.6923e-01
 1.6100e+01  9.2512e-02  2.0957e+01  1.3017e+00  7.7159e-01 -3.6364e-02  3.6922e-01
 1.6400e+01  9.2556e-02  2.1349e+01  1.3017e+00  7.7157e-01 -3.6340e-02  3.6920e-01
 1.6700e+01  9.2599e-02  2.1740e+01  1.3018e+00  7.7154e-01 -3.6316e-02  3.6918e-01
 1.7000e+01  9.2641e-02  2.2131e+01  1.3018e+00  7.7152e-01 -3.6293e-02  3.6917e-01
 1.7300e+01  9.2681e-02  2.2522e+01  1.3019e+00  7.7150e-01 -3.6271e-02  3.6916e-01
 1.7600e+01  9.2719e-02  2.2913e+01  1.3019e+00  7.7148e-01 -3.6250e-02  3.6914e-01
 1.7900e+01  9.2757e-02  2.3304e+01  1.3019e+00  7.7146e-01 -3.6229e-02  3.6913e-01
 1.8200e+01  9.2793e-02  2.3696e+01  1.3020e+00  7.7144e-01 -3.6209e-02  3.6912e-01
 1.8500e+01  9.2828e-02  2.4087e+01  1.3020e+00  7.7142e-01 -3.6190e-02  3.6910e-01
 1.8800e+01  9.2862e-02  2.4478e+01  1.3020e+00  7.7140e-01 -3.6171e-02  3.6909e-01
 1.9100e+01  9.2894e-02  2.4869e+01  1.3020e+00  7.7138e-01 -3.6153e-02  3.6908e-01
 1.9400e+01  9.2926e-02  2.5260e+01  1.3021e+00  7.7136e-01 -3.6135e-02  3.6907e-01
 1.9700e+01  9.2957e-02  2.5651e+01  1.3021e+00  7.7135e-01 -3.6118e-02  3.6906e-01
 2.0000e+01  9.2987e-02  2.6043e+01  1.3021e+00  7.7133e-01 -3.6102e-02  3.6905e-01
