 1.0000e-03  1.0359e-04  1.2156e-03  1.2156e+00  8.2262e-01 -8.5259e-02  3.9748e-01
 1.0098e-01  9.4872e-03  1.2365e-01  1.2245e+00  8.1742e-01 -8.0474e-02  3.9503e-01
 2.0096e-01  1.7255e-02  2.4755e-01  1.2318e+00  8.1313e-01 -7.6484e-02  3.9294e-01
 3.0094e-01  2.3774e-02  3.7255e-01  1.2380e+00  8.0952e-01 -7.3114e-02  3.9113e-01
 4.0092e-01  2.9314e-02  4.9841e-01  1.2432e+00  8.0646e-01 -7.0236e-02  3.8956e-01
 5.0090e-01  3.4074e-02  6.2493e-01  1.2476e+00  8.0384e-01 -6.7752e-02  3.8818e-01
 6.0088e-01  3.8204e-02  7.5199e-01  1.2515e+00  8.0156e-01 -6.5588e-02  3.8697e-01
 7.0086e-01  4.1819e-02  8.7949e-01  1.2549e+00  7.9956e-01 -6.3688e-02  3.8590e-01
 8.0084e-01  4.5008e-02  1.0073e+00  1.2578e+00  7.9780e-01 -6.2006e-02  3.8493e-01
 9.0082e-01  4.7842e-02  1.1355e+00  1.2605e+00  7.9624e-01 -6.0508e-02  3.8407e-01
 1.0008e+00  5.0374e-02  1.2639e+00  1.2628e+00  7.9484e-01 -5.9166e-02  3.8329e-01
 1.1008e+00  5.2652e-02  1.3925e+00  1.2650e+00  7.9359e-01 -5.7956e-02  3.8258e-01
 1.2008e+00  5.4710e-02  1.5212e+00  1.2669e+00  7.9245e-01 -5.6861e-02  3.8194e-01
 1.3007e+00  5.6579e-02  1.6501e+00  1.2686e+00  7.9142e-01 -5.5864e-02  3.8135e-01
 1.4007e+00  5.8284e-02  1.7792e+00  1.2702e+00  7.9048e-01 -5.4954e-02  3.8081e-01
 1.5007e+00  5.9845e-02  1.9084e+00  1.2716e+00  7.8962e-01 -5.4119e-02  3.8031e-01
 1.6007e+00  6.1279e-02  2.0376e+00  1.2730e+00  7.8883e-01 -5.3351e-02  3.7985e-01
 1.7007e+00  6.2602e-02  2.1670e+00  1.2742e+00  7.8810e-01 -5.2642e-02  3.7943e-01
 1.8006e+00  6.3825e-02  2.2964e+00  1.2753e+00  7.8742e-01 -5.1985e-02  3.7903e-01
 1.9006e+00  6.4960e-02  2.4259e+00  1.2764e+00  7.8680e-01 -5.1375e-02  3.7866e-01
 2.0006e+00  6.6015e-02  2.5555e+00  1.2774e+00  7.8622e-01 -5.0807e-02  3.7832e-01
 2.1006e+00  6.6999e-02  2.6851e+00  1.2783e+00  7.8567e-01 -5.0277e-02  3.7799e-01
 2.2006e+00  6.7919e-02  2.8148e+00  1.2791e+00  7.8517e-01 -4.9782e-02  3.7769e-01
 2.3005e+00  6.8780e-02  2.9445e+00  1.2799e+00  7.8469e-01 -4.9317e-02  3.7741e-01
 2.4005e+00  6.9589e-02  3.0743e+00  1.2807e+00  7.8424e-01 -4.8881e-02  3.7714e-01
 2.5005e+00  7.0349e-02  3.2041e+00  1.2814e+00  7.8383e-01 -4.8470e-02  3.7689e-01
 2.6005e+00  7.1065e-02  3.3339e+00  1.2820e+00  7.8343e-01 -4.8083e-02  3.7665e-01
 2.7005e+00  7.1741e-02  3.4638e+00  1.2827e+00  7.8306e-01 -4.7717e-02  3.7642e-01
 2.8004e+00  7.2380e-02  3.5936e+00  1.2832e+00  7.8270e-01 -4.7371e-02  3.7621e-01
 2.9004e+00  7.2985e-02  3.7236e+00  1.2838e+00  7.8237e-01 -4.7044e-02  3.7601e-01
 3.0004e+00  7.3558e-02  3.8535e+00  1.2843e+00  7.8206e-01 -4.6733e-02  3.7581e-01
 3.1004e+00  7.4103e-02  3.9835e+00  1.2848e+00  7.8175e-01 -4.6438e-02  3.7563e-01
 3.2004e+00  7.4620e-02  4.1134e+00  1.2853e+00  7.8147e-01 -4.6157e-02  3.7546e-01
 3.3003e+00  7.5112e-02  4.2434e+00  1.2858e+00  7.8120e-01 -4.5890e-02  3.7529e-01
 3.4003e+00  7.5582e-02  4.3735e+00  1.2862e+00  7.8094e-01 -4.5635e-02  3.7513e-01
 3.5003e+00  7.6029e-02  4.5035e+00  1.2866e+00  7.8069e-01 -4.5392e-02  3.7498e-01
 3.6003e+00  7.6457e-02  4.6335e+00  1.2870e+00  7.8046e-01 -4.5159e-02  3.7483e-01
 3.7003e+00  7.6866e-02  4.7636e+00  1.2874e+00  7.8023e-01 -4.4937e-02  3.7469e-01
 3.8002e+00  7.7257e-02  4.8937e+00  1.2877e+00  7.8001e-01 -4.4724e-02  3.7456e-01
 3.9002e+00  7.7631e-02  5.0238e+00  1.2881e+00  7.7981e-01 -4.4521e-02  3.7443e-01
 4.0002e+00  7.7991e-02  5.1539e+00  1.2884e+00  7.7961e-01 -4.4325e-02  3.7431e-01
 4.1002e+00  7.8335e-02  5.2840e+00  1.2887e+00  7.7942e-01 -4.4138e-02  3.7419e-01
 4.2002e+00  7.8666e-02  5.4141e+00  1.2890e+00  7.7924e-01 -4.3957e-02  3.7408e-01
 4.3001e+00  7.8984e-02  5.5443e+00  1.2893e+00  7.7906e-01 -4.3784e-02  3.7397e-01
 4.4001e+00  7.9290e-02  5.6744e+00  1.2896e+00  7.7889e-01 -4.3617e-02  3.7387e-01
 4.5001e+00  7.9585e-02  5.8045e+00  1.2899e+00  7.7873e-01 -4.3457e-02  3.7376e-01
 4.6001e+00  7.9868e-02  5.9347e+00  1.2901e+00  7.7857e-01 -4.3302e-02  3.7367e-01
 4.7001e+00  8.0142e-02  6.0649e+00  1.2904e+00  7.7842e-01 -4.3153e-02  3.7357e-01
 4.8000e+00  8.0405e-02  6.1951e+00  1.2906e+00  7.7828e-01 -4.3009e-02  3.7348e-01
 4.9000e+00  8.0660e-02  6.3252e+00  1.2909e+00  7.7814e-01 -4.2870e-02  3.7339e-01
 5.0000e+00  8.0906e-02  6.4554e+00  1.2911e+00  7.7800e-01 -4.2736e-02  3.7331e-01
 5.0000e+00  8.0906e-02  6.4554e+00  1.2911e+00  7.7800e-01 -4.2736e-02  3.7331e-01
 5.3000e+00  8.1595e-02  6.8461e+00  1.2917e+00  7.7762e-01 -4.2359e-02  3.7307e-01
 5.6000e+00  8.2221e-02  7.2368e+00  1.2923e+00  7.7727e-01 -4.2018e-02  3.7285e-01
 5.9000e+00  8.2790e-02  7.6276e+00  1.2928e+00  7.7696e-01 -4.1706e-02  3.7266e-01
 6.2000e+00  8.3311e-02  8.0184e+00  1.2933e+00  7.7667e-01 -4.1421e-02  3.7248e-01
 6.5000e+00  8.3790e-02  8.4092e+00  1.2937e+00  7.7641e-01 -4.1160e-02  3.7231e-01
 6.8000e+00  8.4230e-02  8.8001e+00  1.2941e+00  7.7617e-01 -4.0918e-02  3.7215e-01
 7.1000e+00  8.4638e-02  9.1910e+00  1.2945e+00  7.7594e-01 -4.0695e-02  3.7201e-01
 7.4000e+00  8.5015e-02  9.5819e+00  1.2949e+00  7.7573e-01 -4.0488e-02  3.7188e-01
 7.7000e+00  8.5367e-02  9.9728e+00  1.2952e+00  7.7554e-01 -4.0296e-02  3.7176e-01
 8.0000e+00  8.5694e-02  1.0364e+01  1.2955e+00  7.7536e-01 -4.0116e-02  3.7164e-01
 8.3000e+00  8.6000e-02  1.0755e+01  1.2958e+00  7.7519e-01 -3.9948e-02  3.7153e-01
 8.6000e+00  8.6286e-02  1.1146e+01  1.2960e+00  7.7503e-01 -3.9791e-02  3.7143e-01
 8.9000e+00  8.6555e-02  1.1537e+01  1.2963e+00  7.7488e-01 -3.9644e-02  3.7134e-01
 9.2000e+00  8.6807e-02  1.1928e+01  1.2965e+00  7.7474e-01 -3.9505e-02  3.7125e-01
 9.5000e+00  8.7045e-02  1.2319e+01  1.2967e+00  7.7461e-01 -3.9374e-02  3.7117e-01
 9.8000e+00  8.7270e-02  1.2710e+01  1.2969e+00  7.7449e-01 -3.9251e-02  3.7109e-01
 1.0100e+01  8.7482e-02  1.3101e+01  1.2971e+00  7.7437e-01 -3.9134e-02  3.7101e-01
 1.0400e+01  8.7683e-02  1.3492e+01  1.2973e+00  7.7426e-01 -3.9024e-02  3.7094e-01
 1.0700e+01  8.7873e-02  1.3883e+01  1.2975e+00  7.7415e-01 -3.8919e-02  3.7087e-01
 1.1000e+01  8.8054e-02  1.4274e+01  1.2976e+00  7.7405e-01 -3.8820e-02  3.7081e-01
 1.1300e+01  8.8226e-02  1.4665e+01  1.2978e+00  7.7396e-01 -3.8726e-02  3.7075e-01
 1.1600e+01  8.8389e-02  1.5056e+01  1.2979e+00  7.7387e-01 -3.8636e-02  3.7069e-01
 1.1900e+01  8.8545e-02  1.5447e+01  1.2981e+00  7.7378e-01 -3.8550e-02  3.7063e-01
 1.2200e+01  8.8694e-02  1.5838e+01  1.2982e+00  7.7370e-01 -3.8468e-02  3.7058e-01
 1.2500e+01  8.8836e-02  1.6229e+01  1.2983e+00  7.7362e-01 -3.8390e-02  3.7053e-01
 1.2800e+01  8.8972e-02  1.6620e+01  1.2985e+00  7.7355e-01 -3.8316e-02  3.7048e-01
 1.3100e+01  8.9101e-02  1.7011e+01  1.2986e+00  7.7348e-01 -3.8244e-02  3.7044e-01
 1.3400e+01  8.9226e-02  1.7403e+01  1.2987e+00  7.7341e-01 -3.8176e-02  3.7039e-01
 1.3700e+01  8.9345e-02  1.7794e+01  1.2988e+00  7.7334e-01 -3.8110e-02  3.7035e-01
 1.4000e+01  8.9459e-02  1.8185e+01  1.2989e+00  7.7328e-01 -3.8047e-02  3.7031e-01
 1.4300e+01  8.9569e-02  1.8576e+01  1.2990e+00  7.7322e-01 -3.7987e-02  3.7027e-01
 1.4600e+01  8.9675e-02  1.8967e+01  1.2991e+00  7.7316e-01 -3.7929e-02  3.7023e-01
 1.4900e+01  8.9776e-02  1.9358e+01  1.2992e+00  7.7310e-01 -3.7873e-02  3.7020e-01
 1.5200e+01  8.9874e-02  1.9749e+01  1.2993e+00  7.7305e-01 -3.7819e-02  3.7016e-01
 1.5500e+01  8.9968e-02  2.0140e+01  1.2994e+00  7.7300e-01 -3.7767e-02  3.7013e-01
 1.5800e+01  9.0059e-02  2.0531e+01  1.2995e+00  7.7295e-01 -3.7717e-02  3.7010e-01
 1.6100e+01  9.0147e-02  2.0923e+01  1.2995e+00  7.7290e-01 -3.7669e-02  3.7006e-01
 1.6400e+01  9.0231e-02  2.1314e+01  1.2996e+00  7.7285e-01 -3.7622e-02  3.7003e-01
 1.6700e+01  9.0313e-02  2.1705e+01  1.2997e+00  7.7281e-01 -3.7577e-02  3.7001e-01
 1.7000e+01  9.0392e-02  2.2096e+01  1.2998e+00  7.7276e-01 -3.7534e-02  3.6998e-01
 1.7300e+01  9.0468e-02  2.2487e+01  1.2998e+00  7.7272e-01 -3.7492e-02  3.6995e-01
 1.7600e+01  9.0542e-02  2.2878e+01  1.2999e+00  7.7268e-01 -3.7451e-02  3.6992e-01
 1.7900e+01  9.0613e-02  2.3269e+01  1.3000e+00  7.7264e-01 -3.7412e-02  3.6990e-01
 1.8200e+01  9.0682e-02  2.3661e+01  1.3000e+00  7.7260e-01 -3.7374e-02  3.6987e-01
 1.8500e+01  9.0749e-02  2.4052e+01  1.3001e+00  7.7257e-01 -3.7337e-02  3.6985e-01
 1.8800e+01  9.0814e-02  2.4443e+01  1.3001e+00  7.7253e-01 -3.7301e-02  3.6983e-01
 1.9100e+01  9.0877e-02  2.4834e+01  1.3002e+00  7.7249e-01 -3.7266e-02  3.6980e-01
 1.9400e+01  9.0938e-02  2.5225e+01  1.3003e+00  7.7246e-01 -3.7232e-02  3.6978e-01
 1.9700e+01  9.0998e-02  2.5616e+01  1.3003e+00  7.7243e-01 -3.7200e-02  3.6976e-01
 2.0000e+01  9.1055e-02  2.6007e+01  1.3004e+00  7.7240e-01 -3.7168e-02  3.6974e-01
