 1.0000e-03  5.1824e-05  1.2156e-03  1.2156e+00  8.2265e-01 -8.5286e-02  3.9750e-01
 1.0098e-01  4.9784e-03  1.2322e-01  1.2202e+00  8.1992e-01 -8.2778e-02  3.9622e-01
 2.0096e-01  9.4447e-03  2.4607e-01  1.2245e+00  8.1745e-01 -8.0496e-02  3.9504e-01
 3.0094e-01  1.3509e-02  3.6964e-01  1.2283e+00  8.1520e-01 -7.8412e-02  3.9395e-01
 4.0092e-01  1.7219e-02  4.9385e-01  1.2318e+00  8.1315e-01 -7.6502e-02  3.9295e-01
 5.0090e-01  2.0619e-02  6.1860e-01  1.2350e+00  8.1127e-01 -7.4747e-02  3.9201e-01
 6.0088e-01  2.3744e-02  7.4384e-01  1.2379e+00  8.0954e-01 -7.3130e-02  3.9114e-01
 7.0086e-01  2.6625e-02  8.6951e-01  1.2406e+00  8.0795e-01 -7.1635e-02  3.9033e-01
 8.0084e-01  2.9289e-02  9.9555e-01  1.2431e+00  8.0648e-01 -7.0249e-02  3.8957e-01
 9.0082e-01  3.1758e-02  1.1219e+00  1.2454e+00  8.0511e-01 -6.8962e-02  3.8886e-01
 1.0008e+00  3.4052e-02  1.2486e+00  1.2476e+00  8.0385e-01 -6.7764e-02  3.8819e-01
 1.1008e+00  3.6190e-02  1.3755e+00  1.2496e+00  8.0267e-01 -6.6645e-02  3.8757e-01
 1.2008e+00  3.8185e-02  1.5027e+00  1.2515e+00  8.0157e-01 -6.5598e-02  3.8698e-01
 1.3007e+00  4.0052e-02  1.6301e+00  1.2532e+00  8.0054e-01 -6.4618e-02  3.8642e-01
 1.4007e+00  4.1802e-02  1.7577e+00  1.2549e+00  7.9957e-01 -6.3697e-02  3.8590e-01
 1.5007e+00  4.3446e-02  1.8855e+00  1.2564e+00  7.9866e-01 -6.2830e-02  3.8541e-01
 1.6007e+00  4.4993e-02  2.0134e+00  1.2578e+00  7.9781e-01 -6.2014e-02  3.8494e-01
 1.7007e+00  4.6452e-02  2.1415e+00  1.2592e+00  7.9701e-01 -6.1244e-02  3.8450e-01
 1.8006e+00  4.7828e-02  2.2697e+00  1.2605e+00  7.9625e-01 -6.0515e-02  3.8408e-01
 1.9006e+00  4.9130e-02  2.3980e+00  1.2617e+00  7.9553e-01 -5.9826e-02  3.8368e-01
 2.0006e+00  5.0362e-02  2.5264e+00  1.2628e+00  7.9485e-01 -5.9172e-02  3.8330e-01
 2.1006e+00  5.1531e-02  2.6550e+00  1.2639e+00  7.9420e-01 -5.8552e-02  3.8293e-01
 2.2006e+00  5.2641e-02  2.7836e+00  1.2650e+00  7.9359e-01 -5.7962e-02  3.8259e-01
 2.3005e+00  5.3696e-02  2.9123e+00  1.2659e+00  7.9301e-01 -5.7401e-02  3.8226e-01
 2.4005e+00  5.4700e-02  3.0412e+00  1.2669e+00  7.9246e-01 -5.6866e-02  3.8194e-01
 2.5005e+00  5.5657e-02  3.1700e+00  1.2678e+00  7.9193e-01 -5.6356e-02  3.8164e-01
 2.6005e+00  5.6570e-02  3.2990e+00  1.2686e+00  7.9142e-01 -5.5869e-02  3.8135e-01
 2.7005e+00  5.7442e-02  3.4280e+00  1.2694e+00  7.9094e-01 -5.5403e-02  3.8108e-01
 2.8004e+00  5.8276e-02  3.5571e+00  1.2702e+00  7.9048e-01 -5.4958e-02  3.8081e-01
 2.9004e+00  5.9074e-02  3.6862e+00  1.2709e+00  7.9004e-01 -5.4532e-02  3.8056e-01
 3.0004e+00  5.9837e-02  3.8154e+00  1.2716e+00  7.8962e-01 -5.4123e-02  3.8031e-01
 3.1004e+00  6.0570e-02  3.9447e+00  1.2723e+00  7.8922e-01 -5.3731e-02  3.8008e-01
 3.2004e+00  6.1272e-02  4.0740e+00  1.2730e+00  7.8883e-01 -5.3355e-02  3.7985e-01
 3.3003e+00  6.1947e-02  4.2033e+00  1.2736e+00  7.8846e-01 -5.2993e-02  3.7964e-01
 3.4003e+00  6.2596e-02  4.3327e+00  1.2742e+00  7.8810e-01 -5.2645e-02  3.7943e-01
 3.5003e+00  6.3219e-02  4.4621e+00  1.2748e+00  7.8776e-01 -5.2310e-02  3.7923e-01
 3.6003e+00  6.3819e-02  4.5916e+00  1.2753e+00  7.8743e-01 -5.1988e-02  3.7903e-01
 3.7003e+00  6.4397e-02  4.7210e+00  1.2759e+00  7.8711e-01 -5.1677e-02  3.7884e-01
 3.8002e+00  6.4954e-02  4.8506e+00  1.2764e+00  7.8680e-01 -5.1378e-02  3.7866e-01
 3.9002e+00  6.5492e-02  4.9801e+00  1.2769e+00  7.8650e-01 -5.1089e-02  3.7849e-01
 4.0002e+00  6.6010e-02  5.1097e+00  1.2774e+00  7.8622e-01 -5.0810e-02  3.7832e-01
 4.1002e+00  6.6511e-02  5.2393e+00  1.2778e+00  7.8594e-01 -5.0540e-02  3.7815e-01
 4.2002e+00  6.6995e-02  5.3689e+00  1.2783e+00  7.8568e-01 -5.0280e-02  3.7799e-01
 4.3001e+00  6.7462e-02  5.4986e+00  1.2787e+00  7.8542e-01 -5.0028e-02  3.7784e-01
 4.4001e+00  6.7915e-02  5.6283e+00  1.2791e+00  7.8517e-01 -4.9784e-02  3.7769e-01
 4.5001e+00  6.8352e-02  5.7580e+00  1.2795e+00  7.8493e-01 -4.9548e-02  3.7755e-01
 4.6001e+00  6.8776e-02  5.8877e+00  1.2799e+00  7.8469e-01 -4.9319e-02  3.7741e-01
 4.7001e+00  6.9187e-02  6.0175e+00  1.2803e+00  7.8447e-01 -4.9098e-02  3.7727e-01
 4.8000e+00  6.9585e-02  6.1472e+00  1.2807e+00  7.8425e-01 -4.8883e-02  3.7714e-01
 4.9000e+00  6.9971e-02  6.2770e+00  1.2810e+00  7.8403e-01 -4.8674e-02  3.7701e-01
 5.0000e+00  7.0345e-02  6.4068e+00  1.2814e+00  7.8383e-01 -4.8472e-02  3.7689e-01
 5.0000e+00  7.0345e-02  6.4068e+00  1.2814e+00  7.8383e-01 -4.8472e-02  3.7689e-01
 5.3000e+00  7.1405e-02  6.7964e+00  1.2823e+00  7.8324e-01 -4.7899e-02  3.7653e-01
 5.6000e+00  7.2377e-02  7.1861e+00  1.2832e+00  7.8271e-01 -4.7373e-02  3.7621e-01
 5.9000e+00  7.3273e-02  7.5760e+00  1.2841e+00  7.8221e-01 -4.6887e-02  3.7591e-01
 6.2000e+00  7.4101e-02  7.9659e+00  1.2848e+00  7.8176e-01 -4.6439e-02  3.7563e-01
 6.5000e+00  7.4868e-02  8.3560e+00  1.2855e+00  7.8133e-01 -4.6023e-02  3.7537e-01
 6.8000e+00  7.5580e-02  8.7461e+00  1.2862e+00  7.8094e-01 -4.5636e-02  3.7513e-01
 7.1000e+00  7.6244e-02  9.1363e+00  1.2868e+00  7.8057e-01 -4.5275e-02  3.7491e-01
 7.4000e+00  7.6865e-02  9.5265e+00  1.2874e+00  7.8023e-01 -4.4938e-02  3.7469e-01
 7.7000e+00  7.7445e-02  9.9169e+00  1.2879e+00  7.7991e-01 -4.4622e-02  3.7450e-01
 8.0000e+00  7.7990e-02  1.0307e+01  1.2884e+00  7.7961e-01 -4.4326e-02  3.7431e-01
 8.3000e+00  7.8502e-02  1.0698e+01  1.2889e+00  7.7933e-01 -4.4047e-02  3.7414e-01
 8.6000e+00  7.8984e-02  1.1088e+01  1.2893e+00  7.7906e-01 -4.3784e-02  3.7397e-01
 8.9000e+00  7.9439e-02  1.1479e+01  1.2897e+00  7.7881e-01 -4.3536e-02  3.7381e-01
 9.2000e+00  7.9868e-02  1.1869e+01  1.2901e+00  7.7857e-01 -4.3302e-02  3.7367e-01
 9.5000e+00  8.0275e-02  1.2260e+01  1.2905e+00  7.7835e-01 -4.3080e-02  3.7353e-01
 9.8000e+00  8.0660e-02  1.2650e+01  1.2909e+00  7.7814e-01 -4.2870e-02  3.7339e-01
 1.0100e+01  8.1026e-02  1.3041e+01  1.2912e+00  7.7793e-01 -4.2671e-02  3.7327e-01
 1.0400e+01  8.1373e-02  1.3432e+01  1.2915e+00  7.7774e-01 -4.2481e-02  3.7315e-01
 1.0700e+01  8.1704e-02  1.3822e+01  1.2918e+00  7.7756e-01 -4.2300e-02  3.7303e-01
 1.1000e+01  8.2019e-02  1.4213e+01  1.2921e+00  7.7739e-01 -4.2128e-02  3.7292e-01
 1.1300e+01  8.2319e-02  1.4604e+01  1.2924e+00  7.7722e-01 -4.1964e-02  3.7282e-01
 1.1600e+01  8.2606e-02  1.4995e+01  1.2926e+00  7.7706e-01 -4.1807e-02  3.7272e-01
 1.1900e+01  8.2880e-02  1.5385e+01  1.2929e+00  7.7691e-01 -4.1657e-02  3.7263e-01
 1.2200e+01  8.3142e-02  1.5776e+01  1.2931e+00  7.7677e-01 -4.1514e-02  3.7253e-01
 1.2500e+01  8.3394e-02  1.6167e+01  1.2934e+00  7.7663e-01 -4.1376e-02  3.7245e-01
 1.2800e+01  8.3634e-02  1.6558e+01  1.2936e+00  7.7649e-01 -4.1244e-02  3.7236e-01
 1.3100e+01  8.3865e-02  1.6949e+01  1.2938e+00  7.7637e-01 -4.1118e-02  3.7228e-01
 1.3400e+01  8.4087e-02  1.7340e+01  1.2940e+00  7.7624e-01 -4.0997e-02  3.7220e-01
 1.3700e+01  8.4300e-02  1.7730e+01  1.2942e+00  7.7613e-01 -4.0880e-02  3.7213e-01
 1.4000e+01  8.4505e-02  1.8121e+01  1.2944e+00  7.7601e-01 -4.0768e-02  3.7206e-01
 1.4300e+01  8.4703e-02  1.8512e+01  1.2946e+00  7.7590e-01 -4.0659e-02  3.7199e-01
 1.4600e+01  8.4893e-02  1.8903e+01  1.2947e+00  7.7580e-01 -4.0555e-02  3.7192e-01
 1.4900e+01  8.5076e-02  1.9294e+01  1.2949e+00  7.7570e-01 -4.0455e-02  3.7186e-01
 1.5200e+01  8.5252e-02  1.9685e+01  1.2951e+00  7.7560e-01 -4.0358e-02  3.7180e-01
 1.5500e+01  8.5423e-02  2.0076e+01  1.2952e+00  7.7551e-01 -4.0265e-02  3.7174e-01
 1.5800e+01  8.5587e-02  2.0467e+01  1.2954e+00  7.7542e-01 -4.0175e-02  3.7168e-01
 1.6100e+01  8.5746e-02  2.0858e+01  1.2955e+00  7.7533e-01 -4.0087e-02  3.7162e-01
 1.6400e+01  8.5900e-02  2.1249e+01  1.2957e+00  7.7524e-01 -4.0003e-02  3.7157e-01
 1.6700e+01  8.6049e-02  2.1640e+01  1.2958e+00  7.7516e-01 -3.9921e-02  3.7152e-01
 1.7000e+01  8.6193e-02  2.2031e+01  1.2959e+00  7.7508e-01 -3.9842e-02  3.7147e-01
 1.7300e+01  8.6332e-02  2.2422e+01  1.2961e+00  7.7501e-01 -3.9766e-02  3.7142e-01
 1.7600e+01  8.6467e-02  2.2813e+01  1.2962e+00  7.7493e-01 -3.9692e-02  3.7137e-01
 1.7900e+01  8.6598e-02  2.3204e+01  1.2963e+00  7.7486e-01 -3.9620e-02  3.7132e-01
 1.8200e+01  8.6725e-02  2.3595e+01  1.2964e+00  7.7479e-01 -3.9550e-02  3.7128e-01
 1.8500e+01  8.6848e-02  2.3986e+01  1.2965e+00  7.7472e-01 -3.9483e-02  3.7124e-01
 1.8800e+01  8.6968e-02  2.4377e+01  1.2966e+00  7.7465e-01 -3.9417e-02  3.7119e-01
 1.9100e+01  8.7084e-02  2.4768e+01  1.2967e+00  7.7459e-01 -3.9353e-02  3.7115e-01
 1.9400e+01  8.7196e-02  2.5159e+01  1.2968e+00  7.7453e-01 -3.9291e-02  3.7111e-01
 1.9700e+01  8.7306e-02  2.5550e+01  1.2969e+00  7.7447e-01 -3.9231e-02  3.7107e-01
 2.0000e+01  8.7413e-02  2.5941e+01  1.2970e+00  7.7441e-01 -3.9173e-02  3.7104e-01
