-3.0000e-01  1.0779e-01 -1.0705e-01 -3.0206e-01
-2.9880e-01  1.0791e-01 -1.0717e-01 -3.0086e-01
-2.9760e-01  1.0802e-01 -1.0728e-01 -2.9965e-01
-2.9639e-01  1.0814e-01 -1.0740e-01 -2.9845e-01
-2.9519e-01  1.0826e-01 -1.0751e-01 -2.9724e-01
-2.9399e-01  1.0838e-01 -1.0763e-01 -2.9603e-01
-2.9279e-01  1.0850e-01 -1.0775e-01 -2.9483e-01
-2.9158e-01  1.0862e-01 -1.0787e-01 -2.9362e-01
-2.9038e-01  1.0874e-01 -1.0798e-01 -2.9241e-01
-2.8918e-01  1.0886e-01 -1.0810e-01 -2.9121e-01
-2.8798e-01  1.0898e-01 -1.0822e-01 -2.9000e-01
-2.8677e-01  1.0910e-01 -1.0834e-01 -2.8880e-01
-2.8557e-01  1.0923e-01 -1.0846e-01 -2.8759e-01
-2.8437e-01  1.0935e-01 -1.0858e-01 -2.8638e-01
-2.8317e-01  1.0947e-01 -1.0870e-01 -2.8518e-01
-2.8196e-01  1.0959e-01 -1.0882e-01 -2.8397e-01
-2.8076e-01  1.0972e-01 -1.0894e-01 -2.8276e-01
-2.7956e-01  1.0984e-01 -1.0906e-01 -2.8156e-01
-2.7836e-01  1.0997e-01 -1.0918e-01 -2.8035e-01
-2.7715e-01  1.1009e-01 -1.0931e-01 -2.7914e-01
-2.7595e-01  1.1022e-01 -1.0943e-01 -2.7794e-01
-2.7475e-01  1.1034e-01 -1.0955e-01 -2.7673e-01
-2.7355e-01  1.1047e-01 -1.0968e-01 -2.7552e-01
-2.7234e-01  1.1060e-01 -1.0980e-01 -2.7432e-01
-2.7114e-01  1.1072e-01 -1.0992e-01 -2.7311e-01
-2.6994e-01  1.1085e-01 -1.1005e-01 -2.7190e-01
-2.6874e-01  1.1098e-01 -1.1017e-01 -2.7070e-01
-2.6754e-01  1.1111e-01 -1.1030e-01 -2.6949e-01
-2.6633e-01  1.1123e-01 -1.1043e-01 -2.6829e-01
-2.6513e-01  1.1136e-01 -1.1055e-01 -2.6708e-01
-2.6393e-01  1.1149e-01 -1.1068e-01 -2.6587e-01
-2.6273e-01  1.1162e-01 -1.1081e-01 -2.6467e-01
-2.6152e-01  1.1175e-01 -1.1093e-01 -2.6346e-01
-2.6032e-01  1.1189e-01 -1.1106e-01 -2.6225e-01
-2.5912e-01  1.1202e-01 -1.1119e-01 -2.6104e-01
-2.5792e-01  1.1215e-01 -1.1132e-01 -2.5984e-01
-2.5671e-01  1.1228e-01 -1.1145e-01 -2.5863e-01
-2.5551e-01  1.1242e-01 -1.1158e-01 -2.5742e-01
-2.5431e-01  1.1255e-01 -1.1171e-01 -2.5622e-01
-2.5311e-01  1.1268e-01 -1.1184e-01 -2.5501e-01
-2.5190e-01  1.1282e-01 -1.1197e-01 -2.5380e-01
-2.5070e-01  1.1295e-01 -1.1210e-01 -2.5260e-01
-2.4950e-01  1.1309e-01 -1.1224e-01 -2.5139e-01
-2.4830e-01  1.1322e-01 -1.1237e-01 -2.5018e-01
-2.4709e-01  1.1336e-01 -1.1250e-01 -2.4898e-01
-2.4589e-01  1.1350e-01 -1.1264e-01 -2.4777e-01
-2.4469e-01  1.1363e-01 -1.1277e-01 -2.4656e-01
-2.4349e-01  1.1377e-01 -1.1290e-01 -2.4536e-01
-2.4228e-01  1.1391e-01 -1.1304e-01 -2.4415e-01
-2.4108e-01  1.1405e-01 -1.1318e-01 -2.4294e-01
-2.3988e-01  1.1419e-01 -1.1331e-01 -2.4173e-01
-2.3868e-01  1.1433e-01 -1.1345e-01 -2.4053e-01
-2.3747e-01  1.1447e-01 -1.1359e-01 -2.3932e-01
-2.3627e-01  1.1461e-01 -1.1372e-01 -2.3811e-01
-2.3507e-01  1.1475e-01 -1.1386e-01 -2.3691e-01
-2.3387e-01  1.1489e-01 -1.1400e-01 -2.3570e-01
-2.3267e-01  1.1503e-01 -1.1414e-01 -2.3449e-01
-2.3146e-01  1.1518e-01 -1.1428e-01 -2.3328e-01
-2.3026e-01  1.1532e-01 -1.1442e-01 -2.3208e-01
-2.2906e-01  1.1546e-01 -1.1456e-01 -2.3087e-01
-2.2786e-01  1.1561e-01 -1.1470e-01 -2.2966e-01
-2.2665e-01  1.1575e-01 -1.1484e-01 -2.2845e-01
-2.2545e-01  1.1590e-01 -1.1498e-01 -2.2725e-01
-2.2425e-01  1.1605e-01 -1.1513e-01 -2.2604e-01
-2.2305e-01  1.1619e-01 -1.1527e-01 -2.2483e-01
-2.2184e-01  1.1634e-01 -1.1541e-01 -2.2362e-01
-2.2064e-01  1.1649e-01 -1.1556e-01 -2.2242e-01
-2.1944e-01  1.1664e-01 -1.1570e-01 -2.2121e-01
-2.1824e-01  1.1679e-01 -1.1585e-01 -2.2000e-01
-2.1703e-01  1.1694e-01 -1.1599e-01 -2.1879e-01
-2.1583e-01  1.1709e-01 -1.1614e-01 -2.1759e-01
-2.1463e-01  1.1724e-01 -1.1629e-01 -2.1638e-01
-2.1343e-01  1.1739e-01 -1.1644e-01 -2.1517e-01
-2.1222e-01  1.1754e-01 -1.1658e-01 -2.1396e-01
-2.1102e-01  1.1769e-01 -1.1673e-01 -2.1276e-01
-2.0982e-01  1.1785e-01 -1.1688e-01 -2.1155e-01
-2.0862e-01  1.1800e-01 -1.1703e-01 -2.1034e-01
-2.0741e-01  1.1815e-01 -1.1718e-01 -2.0913e-01
-2.0621e-01  1.1831e-01 -1.1733e-01 -2.0792e-01
-2.0501e-01  1.1846e-01 -1.1749e-01 -2.0672e-01
-2.0381e-01  1.1862e-01 -1.1764e-01 -2.0551e-01
-2.0261e-01  1.1878e-01 -1.1779e-01 -2.0430e-01
-2.0140e-01  1.1893e-01 -1.1794e-01 -2.0309e-01
-2.0020e-01  1.1909e-01 -1.1810e-01 -2.0189e-01
-1.9900e-01  1.1925e-01 -1.1825e-01 -2.0068e-01
-1.9780e-01  1.1941e-01 -1.1841e-01 -1.9947e-01
-1.9659e-01  1.1957e-01 -1.1856e-01 -1.9826e-01
-1.9539e-01  1.1973e-01 -1.1872e-01 -1.9705e-01
-1.9419e-01  1.1989e-01 -1.1888e-01 -1.9584e-01
-1.9299e-01  1.2005e-01 -1.1903e-01 -1.9464e-01
-1.9178e-01  1.2022e-01 -1.1919e-01 -1.9343e-01
-1.9058e-01  1.2038e-01 -1.1935e-01 -1.9222e-01
-1.8938e-01  1.2054e-01 -1.1951e-01 -1.9101e-01
-1.8818e-01  1.2071e-01 -1.1967e-01 -1.8980e-01
-1.8697e-01  1.2087e-01 -1.1983e-01 -1.8860e-01
-1.8577e-01  1.2104e-01 -1.1999e-01 -1.8739e-01
-1.8457e-01  1.2120e-01 -1.2016e-01 -1.8618e-01
-1.8337e-01  1.2137e-01 -1.2032e-01 -1.8497e-01
-1.8216e-01  1.2154e-01 -1.2048e-01 -1.8376e-01
-1.8096e-01  1.2171e-01 -1.2065e-01 -1.8255e-01
-1.7976e-01  1.2188e-01 -1.2081e-01 -1.8134e-01
-1.7856e-01  1.2205e-01 -1.2098e-01 -1.8014e-01
-1.7735e-01  1.2222e-01 -1.2114e-01 -1.7893e-01
-1.7615e-01  1.2239e-01 -1.2131e-01 -1.7772e-01
-1.7495e-01  1.2256e-01 -1.2148e-01 -1.7651e-01
-1.7375e-01  1.2273e-01 -1.2165e-01 -1.7530e-01
-1.7255e-01  1.2291e-01 -1.2182e-01 -1.7409e-01
-1.7134e-01  1.2308e-01 -1.2198e-01 -1.7288e-01
-1.7014e-01  1.2326e-01 -1.2216e-01 -1.7168e-01
-1.6894e-01  1.2343e-01 -1.2233e-01 -1.7047e-01
-1.6774e-01  1.2361e-01 -1.2250e-01 -1.6926e-01
-1.6653e-01  1.2379e-01 -1.2267e-01 -1.6805e-01
-1.6533e-01  1.2397e-01 -1.2284e-01 -1.6684e-01
-1.6413e-01  1.2414e-01 -1.2302e-01 -1.6563e-01
-1.6293e-01  1.2432e-01 -1.2319e-01 -1.6442e-01
-1.6172e-01  1.2450e-01 -1.2337e-01 -1.6321e-01
-1.6052e-01  1.2469e-01 -1.2354e-01 -1.6200e-01
-1.5932e-01  1.2487e-01 -1.2372e-01 -1.6079e-01
-1.5812e-01  1.2505e-01 -1.2390e-01 -1.5959e-01
-1.5691e-01  1.2523e-01 -1.2408e-01 -1.5838e-01
-1.5571e-01  1.2542e-01 -1.2426e-01 -1.5717e-01
-1.5451e-01  1.2560e-01 -1.2444e-01 -1.5596e-01
-1.5331e-01  1.2579e-01 -1.2462e-01 -1.5475e-01
-1.5210e-01  1.2598e-01 -1.2480e-01 -1.5354e-01
-1.5090e-01  1.2616e-01 -1.2498e-01 -1.5233e-01
-1.4970e-01  1.2635e-01 -1.2516e-01 -1.5112e-01
-1.4850e-01  1.2654e-01 -1.2535e-01 -1.4991e-01
-1.4729e-01  1.2673e-01 -1.2553e-01 -1.4870e-01
-1.4609e-01  1.2692e-01 -1.2572e-01 -1.4749e-01
-1.4489e-01  1.2711e-01 -1.2591e-01 -1.4628e-01
-1.4369e-01  1.2731e-01 -1.2609e-01 -1.4507e-01
-1.4248e-01  1.2750e-01 -1.2628e-01 -1.4386e-01
-1.4128e-01  1.2770e-01 -1.2647e-01 -1.4265e-01
-1.4008e-01  1.2789e-01 -1.2666e-01 -1.4144e-01
-1.3888e-01  1.2809e-01 -1.2685e-01 -1.4023e-01
-1.3768e-01  1.2828e-01 -1.2704e-01 -1.3902e-01
-1.3647e-01  1.2848e-01 -1.2723e-01 -1.3781e-01
-1.3527e-01  1.2868e-01 -1.2743e-01 -1.3660e-01
-1.3407e-01  1.2888e-01 -1.2762e-01 -1.3539e-01
-1.3287e-01  1.2908e-01 -1.2782e-01 -1.3418e-01
-1.3166e-01  1.2928e-01 -1.2801e-01 -1.3297e-01
-1.3046e-01  1.2949e-01 -1.2821e-01 -1.3176e-01
-1.2926e-01  1.2969e-01 -1.2841e-01 -1.3055e-01
-1.2806e-01  1.2990e-01 -1.2861e-01 -1.2934e-01
-1.2685e-01  1.3010e-01 -1.2880e-01 -1.2813e-01
-1.2565e-01  1.3031e-01 -1.2901e-01 -1.2692e-01
-1.2445e-01  1.3052e-01 -1.2921e-01 -1.2571e-01
-1.2325e-01  1.3072e-01 -1.2941e-01 -1.2450e-01
-1.2204e-01  1.3093e-01 -1.2961e-01 -1.2329e-01
-1.2084e-01  1.3114e-01 -1.2982e-01 -1.2208e-01
-1.1964e-01  1.3136e-01 -1.3002e-01 -1.2087e-01
-1.1844e-01  1.3157e-01 -1.3023e-01 -1.1966e-01
-1.1723e-01  1.3178e-01 -1.3044e-01 -1.1845e-01
-1.1603e-01  1.3200e-01 -1.3064e-01 -1.1724e-01
-1.1483e-01  1.3221e-01 -1.3085e-01 -1.1602e-01
-1.1363e-01  1.3243e-01 -1.3106e-01 -1.1481e-01
-1.1242e-01  1.3265e-01 -1.3127e-01 -1.1360e-01
-1.1122e-01  1.3287e-01 -1.3149e-01 -1.1239e-01
-1.1002e-01  1.3309e-01 -1.3170e-01 -1.1118e-01
-1.0882e-01  1.3331e-01 -1.3191e-01 -1.0997e-01
-1.0762e-01  1.3353e-01 -1.3213e-01 -1.0876e-01
-1.0641e-01  1.3375e-01 -1.3234e-01 -1.0755e-01
-1.0521e-01  1.3398e-01 -1.3256e-01 -1.0633e-01
-1.0401e-01  1.3420e-01 -1.3278e-01 -1.0512e-01
-1.0281e-01  1.3443e-01 -1.3300e-01 -1.0391e-01
-1.0160e-01  1.3466e-01 -1.3322e-01 -1.0270e-01
-1.0040e-01  1.3489e-01 -1.3344e-01 -1.0149e-01
-9.9198e-02  1.3512e-01 -1.3367e-01 -1.0028e-01
-9.7996e-02  1.3535e-01 -1.3389e-01 -9.9065e-02
-9.6794e-02  1.3558e-01 -1.3411e-01 -9.7853e-02
-9.5591e-02  1.3582e-01 -1.3434e-01 -9.6641e-02
-9.4389e-02  1.3605e-01 -1.3457e-01 -9.5429e-02
-9.3186e-02  1.3629e-01 -1.3480e-01 -9.4217e-02
-9.1984e-02  1.3652e-01 -1.3503e-01 -9.3005e-02
-9.0782e-02  1.3676e-01 -1.3526e-01 -9.1793e-02
-8.9579e-02  1.3700e-01 -1.3549e-01 -9.0581e-02
-8.8377e-02  1.3724e-01 -1.3572e-01 -8.9369e-02
-8.7174e-02  1.3749e-01 -1.3596e-01 -8.8156e-02
-8.5972e-02  1.3773e-01 -1.3619e-01 -8.6944e-02
-8.4770e-02  1.3798e-01 -1.3643e-01 -8.5731e-02
-8.3567e-02  1.3822e-01 -1.3667e-01 -8.4519e-02
-8.2365e-02  1.3847e-01 -1.3691e-01 -8.3306e-02
-8.1162e-02  1.3872e-01 -1.3715e-01 -8.2093e-02
-7.9960e-02  1.3897e-01 -1.3739e-01 -8.0880e-02
-7.8758e-02  1.3922e-01 -1.3763e-01 -7.9667e-02
-7.7555e-02  1.3947e-01 -1.3788e-01 -7.8454e-02
-7.6353e-02  1.3973e-01 -1.3812e-01 -7.7241e-02
-7.5150e-02  1.3998e-01 -1.3837e-01 -7.6028e-02
-7.3948e-02  1.4024e-01 -1.3862e-01 -7.4815e-02
-7.2745e-02  1.4050e-01 -1.3887e-01 -7.3602e-02
-7.1543e-02  1.4076e-01 -1.3912e-01 -7.2388e-02
-7.0341e-02  1.4102e-01 -1.3937e-01 -7.1175e-02
-6.9138e-02  1.4128e-01 -1.3962e-01 -6.9961e-02
-6.7936e-02  1.4155e-01 -1.3988e-01 -6.8748e-02
-6.6733e-02  1.4182e-01 -1.4013e-01 -6.7534e-02
-6.5531e-02  1.4208e-01 -1.4039e-01 -6.6320e-02
-6.4329e-02  1.4235e-01 -1.4065e-01 -6.5106e-02
-6.3126e-02  1.4262e-01 -1.4091e-01 -6.3892e-02
-6.1924e-02  1.4289e-01 -1.4117e-01 -6.2678e-02
-6.0721e-02  1.4317e-01 -1.4144e-01 -6.1464e-02
-5.9519e-02  1.4344e-01 -1.4170e-01 -6.0250e-02
-5.8317e-02  1.4372e-01 -1.4197e-01 -5.9035e-02
-5.7114e-02  1.4400e-01 -1.4224e-01 -5.7821e-02
-5.5912e-02  1.4428e-01 -1.4251e-01 -5.6606e-02
-5.4709e-02  1.4456e-01 -1.4278e-01 -5.5392e-02
-5.3507e-02  1.4484e-01 -1.4305e-01 -5.4177e-02
-5.2305e-02  1.4513e-01 -1.4333e-01 -5.2962e-02
-5.1102e-02  1.4541e-01 -1.4360e-01 -5.1747e-02
-4.9900e-02  1.4570e-01 -1.4388e-01 -5.0532e-02
-4.8697e-02  1.4599e-01 -1.4416e-01 -4.9317e-02
-4.7495e-02  1.4628e-01 -1.4444e-01 -4.8102e-02
-4.6293e-02  1.4658e-01 -1.4472e-01 -4.6886e-02
-4.5090e-02  1.4687e-01 -1.4500e-01 -4.5671e-02
-4.3888e-02  1.4717e-01 -1.4529e-01 -4.4455e-02
-4.2685e-02  1.4747e-01 -1.4558e-01 -4.3240e-02
-4.1483e-02  1.4777e-01 -1.4587e-01 -4.2024e-02
-4.0281e-02  1.4807e-01 -1.4616e-01 -4.0808e-02
-3.9078e-02  1.4837e-01 -1.4645e-01 -3.9592e-02
-3.7876e-02  1.4868e-01 -1.4674e-01 -3.8376e-02
-3.6673e-02  1.4899e-01 -1.4704e-01 -3.7160e-02
-3.5471e-02  1.4930e-01 -1.4734e-01 -3.5943e-02
-3.4269e-02  1.4961e-01 -1.4764e-01 -3.4727e-02
-3.3066e-02  1.4992e-01 -1.4794e-01 -3.3510e-02
-3.1864e-02  1.5024e-01 -1.4824e-01 -3.2294e-02
-3.0661e-02  1.5056e-01 -1.4854e-01 -3.1077e-02
-2.9459e-02  1.5088e-01 -1.4885e-01 -2.9860e-02
-2.8257e-02  1.5120e-01 -1.4916e-01 -2.8643e-02
-2.7054e-02  1.5152e-01 -1.4947e-01 -2.7425e-02
-2.5852e-02  1.5185e-01 -1.4978e-01 -2.6208e-02
-2.4649e-02  1.5218e-01 -1.5010e-01 -2.4991e-02
-2.3447e-02  1.5251e-01 -1.5041e-01 -2.3773e-02
-2.2244e-02  1.5284e-01 -1.5073e-01 -2.2555e-02
-2.1042e-02  1.5317e-01 -1.5105e-01 -2.1337e-02
-1.9840e-02  1.5351e-01 -1.5137e-01 -2.0119e-02
-1.8637e-02  1.5385e-01 -1.5170e-01 -1.8901e-02
-1.7435e-02  1.5419e-01 -1.5203e-01 -1.7683e-02
-1.6232e-02  1.5453e-01 -1.5235e-01 -1.6464e-02
-1.5030e-02  1.5488e-01 -1.5269e-01 -1.5246e-02
-1.3828e-02  1.5522e-01 -1.5302e-01 -1.4027e-02
-1.2625e-02  1.5557e-01 -1.5335e-01 -1.2808e-02
-1.1423e-02  1.5593e-01 -1.5369e-01 -1.1589e-02
-1.0220e-02  1.5628e-01 -1.5403e-01 -1.0370e-02
-9.0180e-03  1.5664e-01 -1.5437e-01 -9.1505e-03
-7.8156e-03  1.5700e-01 -1.5472e-01 -7.9310e-03
-6.6132e-03  1.5736e-01 -1.5506e-01 -6.7113e-03
-5.4108e-03  1.5773e-01 -1.5541e-01 -5.4914e-03
-4.2084e-03  1.5809e-01 -1.5576e-01 -4.2714e-03
-3.0060e-03  1.5846e-01 -1.5612e-01 -3.0512e-03
-1.8036e-03  1.5884e-01 -1.5647e-01 -1.8309e-03
-6.0120e-04  1.5921e-01 -1.5683e-01 -6.1033e-04
 6.0120e-04  1.5959e-01 -1.5719e-01  6.1038e-04
 1.8036e-03  1.5997e-01 -1.5755e-01  1.8313e-03
 3.0060e-03  1.6035e-01 -1.5792e-01  3.0523e-03
 4.2084e-03  1.6074e-01 -1.5829e-01  4.2736e-03
 5.4108e-03  1.6113e-01 -1.5866e-01  5.4950e-03
 6.6132e-03  1.6152e-01 -1.5903e-01  6.7166e-03
 7.8156e-03  1.6191e-01 -1.5941e-01  7.9385e-03
 9.0180e-03  1.6231e-01 -1.5978e-01  9.1605e-03
 1.0220e-02  1.6271e-01 -1.6016e-01  1.0383e-02
 1.1423e-02  1.6311e-01 -1.6055e-01  1.1605e-02
 1.2625e-02  1.6352e-01 -1.6094e-01  1.2828e-02
 1.3828e-02  1.6392e-01 -1.6132e-01  1.4051e-02
 1.5030e-02  1.6434e-01 -1.6172e-01  1.5274e-02
 1.6232e-02  1.6475e-01 -1.6211e-01  1.6497e-02
 1.7435e-02  1.6517e-01 -1.6251e-01  1.7720e-02
 1.8637e-02  1.6559e-01 -1.6291e-01  1.8944e-02
 1.9840e-02  1.6601e-01 -1.6331e-01  2.0168e-02
 2.1042e-02  1.6644e-01 -1.6372e-01  2.1392e-02
 2.2244e-02  1.6687e-01 -1.6413e-01  2.2616e-02
 2.3447e-02  1.6731e-01 -1.6454e-01  2.3841e-02
 2.4649e-02  1.6775e-01 -1.6496e-01  2.5066e-02
 2.5852e-02  1.6819e-01 -1.6538e-01  2.6291e-02
 2.7054e-02  1.6863e-01 -1.6580e-01  2.7516e-02
 2.8257e-02  1.6908e-01 -1.6622e-01  2.8742e-02
 2.9459e-02  1.6953e-01 -1.6665e-01  2.9968e-02
 3.0661e-02  1.6999e-01 -1.6708e-01  3.1194e-02
 3.1864e-02  1.7044e-01 -1.6752e-01  3.2420e-02
 3.3066e-02  1.7091e-01 -1.6796e-01  3.3647e-02
 3.4269e-02  1.7137e-01 -1.6840e-01  3.4873e-02
 3.5471e-02  1.7184e-01 -1.6885e-01  3.6101e-02
 3.6673e-02  1.7232e-01 -1.6929e-01  3.7328e-02
 3.7876e-02  1.7279e-01 -1.6975e-01  3.8556e-02
 3.9078e-02  1.7328e-01 -1.7020e-01  3.9784e-02
 4.0281e-02  1.7376e-01 -1.7066e-01  4.1012e-02
 4.1483e-02  1.7425e-01 -1.7112e-01  4.2241e-02
 4.2685e-02  1.7474e-01 -1.7159e-01  4.3470e-02
 4.3888e-02  1.7524e-01 -1.7206e-01  4.4699e-02
 4.5090e-02  1.7574e-01 -1.7254e-01  4.5928e-02
 4.6293e-02  1.7625e-01 -1.7302e-01  4.7158e-02
 4.7495e-02  1.7676e-01 -1.7350e-01  4.8388e-02
 4.8697e-02  1.7728e-01 -1.7398e-01  4.9619e-02
 4.9900e-02  1.7780e-01 -1.7447e-01  5.0850e-02
 5.1102e-02  1.7832e-01 -1.7497e-01  5.2081e-02
 5.2305e-02  1.7885e-01 -1.7547e-01  5.3312e-02
 5.3507e-02  1.7938e-01 -1.7597e-01  5.4544e-02
 5.4709e-02  1.7992e-01 -1.7648e-01  5.5777e-02
 5.5912e-02  1.8046e-01 -1.7699e-01  5.7009e-02
 5.7114e-02  1.8101e-01 -1.7750e-01  5.8242e-02
 5.8317e-02  1.8156e-01 -1.7803e-01  5.9476e-02
 5.9519e-02  1.8212e-01 -1.7855e-01  6.0709e-02
 6.0721e-02  1.8268e-01 -1.7908e-01  6.1943e-02
 6.1924e-02  1.8325e-01 -1.7961e-01  6.3178e-02
 6.3126e-02  1.8382e-01 -1.8015e-01  6.4413e-02
 6.4329e-02  1.8440e-01 -1.8070e-01  6.5648e-02
 6.5531e-02  1.8499e-01 -1.8124e-01  6.6884e-02
 6.6733e-02  1.8558e-01 -1.8180e-01  6.8121e-02
 6.7936e-02  1.8617e-01 -1.8235e-01  6.9357e-02
 6.9138e-02  1.8677e-01 -1.8292e-01  7.0594e-02
 7.0341e-02  1.8738e-01 -1.8349e-01  7.1832e-02
 7.1543e-02  1.8799e-01 -1.8406e-01  7.3070e-02
 7.2745e-02  1.8861e-01 -1.8464e-01  7.4309e-02
 7.3948e-02  1.8923e-01 -1.8522e-01  7.5548e-02
 7.5150e-02  1.8986e-01 -1.8581e-01  7.6787e-02
 7.6353e-02  1.9050e-01 -1.8641e-01  7.8028e-02
 7.7555e-02  1.9114e-01 -1.8701e-01  7.9268e-02
 7.8758e-02  1.9179e-01 -1.8762e-01  8.0509e-02
 7.9960e-02  1.9244e-01 -1.8823e-01  8.1751e-02
 8.1162e-02  1.9311e-01 -1.8885e-01  8.2993e-02
 8.2365e-02  1.9377e-01 -1.8947e-01  8.4236e-02
 8.3567e-02  1.9445e-01 -1.9010e-01  8.5479e-02
 8.4770e-02  1.9513e-01 -1.9074e-01  8.6723e-02
 8.5972e-02  1.9582e-01 -1.9138e-01  8.7968e-02
 8.7174e-02  1.9652e-01 -1.9203e-01  8.9213e-02
 8.8377e-02  1.9722e-01 -1.9268e-01  9.0459e-02
 8.9579e-02  1.9794e-01 -1.9335e-01  9.1705e-02
 9.0782e-02  1.9865e-01 -1.9401e-01  9.2953e-02
 9.1984e-02  1.9938e-01 -1.9469e-01  9.4200e-02
 9.3186e-02  2.0012e-01 -1.9537e-01  9.5449e-02
 9.4389e-02  2.0086e-01 -1.9606e-01  9.6698e-02
 9.5591e-02  2.0161e-01 -1.9676e-01  9.7948e-02
 9.6794e-02  2.0237e-01 -1.9746e-01  9.9199e-02
 9.7996e-02  2.0314e-01 -1.9817e-01  1.0045e-01
 9.9198e-02  2.0391e-01 -1.9889e-01  1.0170e-01
 1.0040e-01  2.0470e-01 -1.9962e-01  1.0295e-01
 1.0160e-01  2.0549e-01 -2.0035e-01  1.0421e-01
 1.0281e-01  2.0629e-01 -2.0109e-01  1.0546e-01
 1.0401e-01  2.0710e-01 -2.0184e-01  1.0672e-01
 1.0521e-01  2.0793e-01 -2.0260e-01  1.0797e-01
 1.0641e-01  2.0876e-01 -2.0337e-01  1.0923e-01
 1.0762e-01  2.0960e-01 -2.0414e-01  1.1049e-01
 1.0882e-01  2.1045e-01 -2.0493e-01  1.1175e-01
 1.1002e-01  2.1131e-01 -2.0572e-01  1.1301e-01
 1.1122e-01  2.1218e-01 -2.0652e-01  1.1427e-01
 1.1242e-01  2.1306e-01 -2.0733e-01  1.1553e-01
 1.1363e-01  2.1395e-01 -2.0815e-01  1.1679e-01
 1.1483e-01  2.1486e-01 -2.0898e-01  1.1806e-01
 1.1603e-01  2.1577e-01 -2.0982e-01  1.1932e-01
 1.1723e-01  2.1670e-01 -2.1067e-01  1.2059e-01
 1.1844e-01  2.1763e-01 -2.1152e-01  1.2186e-01
 1.1964e-01  2.1858e-01 -2.1239e-01  1.2313e-01
 1.2084e-01  2.1954e-01 -2.1327e-01  1.2440e-01
 1.2204e-01  2.2052e-01 -2.1416e-01  1.2567e-01
 1.2325e-01  2.2150e-01 -2.1506e-01  1.2694e-01
 1.2445e-01  2.2250e-01 -2.1597e-01  1.2821e-01
 1.2565e-01  2.2351e-01 -2.1689e-01  1.2949e-01
 1.2685e-01  2.2454e-01 -2.1783e-01  1.3076e-01
 1.2806e-01  2.2558e-01 -2.1877e-01  1.3204e-01
 1.2926e-01  2.2663e-01 -2.1973e-01  1.3332e-01
 1.3046e-01  2.2769e-01 -2.2069e-01  1.3460e-01
 1.3166e-01  2.2878e-01 -2.2168e-01  1.3588e-01
 1.3287e-01  2.2987e-01 -2.2267e-01  1.3716e-01
 1.3407e-01  2.3098e-01 -2.2368e-01  1.3845e-01
 1.3527e-01  2.3211e-01 -2.2469e-01  1.3974e-01
 1.3647e-01  2.3325e-01 -2.2573e-01  1.4102e-01
 1.3768e-01  2.3441e-01 -2.2677e-01  1.4231e-01
 1.3888e-01  2.3559e-01 -2.2783e-01  1.4361e-01
 1.4008e-01  2.3678e-01 -2.2891e-01  1.4490e-01
 1.4128e-01  2.3799e-01 -2.2999e-01  1.4620e-01
 1.4248e-01  2.3922e-01 -2.3110e-01  1.4749e-01
 1.4369e-01  2.4047e-01 -2.3222e-01  1.4879e-01
 1.4489e-01  2.4173e-01 -2.3335e-01  1.5009e-01
 1.4609e-01  2.4302e-01 -2.3450e-01  1.5140e-01
 1.4729e-01  2.4432e-01 -2.3566e-01  1.5270e-01
 1.4850e-01  2.4564e-01 -2.3684e-01  1.5401e-01
 1.4970e-01  2.4699e-01 -2.3804e-01  1.5532e-01
 1.5090e-01  2.4835e-01 -2.3926e-01  1.5664e-01
 1.5210e-01  2.4974e-01 -2.4049e-01  1.5795e-01
 1.5331e-01  2.5115e-01 -2.4174e-01  1.5927e-01
 1.5451e-01  2.5258e-01 -2.4301e-01  1.6059e-01
 1.5571e-01  2.5403e-01 -2.4430e-01  1.6192e-01
 1.5691e-01  2.5551e-01 -2.4560e-01  1.6324e-01
 1.5812e-01  2.5701e-01 -2.4693e-01  1.6457e-01
 1.5932e-01  2.5854e-01 -2.4828e-01  1.6590e-01
 1.6052e-01  2.6009e-01 -2.4964e-01  1.6724e-01
 1.6172e-01  2.6167e-01 -2.5103e-01  1.6858e-01
 1.6293e-01  2.6328e-01 -2.5244e-01  1.6992e-01
 1.6413e-01  2.6491e-01 -2.5387e-01  1.7127e-01
 1.6533e-01  2.6657e-01 -2.5532e-01  1.7262e-01
 1.6653e-01  2.6826e-01 -2.5680e-01  1.7397e-01
 1.6774e-01  2.6999e-01 -2.5829e-01  1.7533e-01
 1.6894e-01  2.7174e-01 -2.5982e-01  1.7669e-01
 1.7014e-01  2.7352e-01 -2.6136e-01  1.7805e-01
 1.7134e-01  2.7534e-01 -2.6293e-01  1.7942e-01
 1.7255e-01  2.7719e-01 -2.6453e-01  1.8080e-01
 1.7375e-01  2.7907e-01 -2.6616e-01  1.8218e-01
 1.7495e-01  2.8099e-01 -2.6781e-01  1.8356e-01
 1.7615e-01  2.8294e-01 -2.6948e-01  1.8495e-01
 1.7735e-01  2.8494e-01 -2.7119e-01  1.8635e-01
 1.7856e-01  2.8697e-01 -2.7292e-01  1.8775e-01
 1.7976e-01  2.8904e-01 -2.7469e-01  1.8915e-01
 1.8096e-01  2.9115e-01 -2.7648e-01  1.9056e-01
 1.8216e-01  2.9330e-01 -2.7831e-01  1.9198e-01
 1.8337e-01  2.9550e-01 -2.8016e-01  1.9340e-01
 1.8457e-01  2.9774e-01 -2.8205e-01  1.9483e-01
 1.8577e-01  3.0002e-01 -2.8397e-01  1.9627e-01
 1.8697e-01  3.0235e-01 -2.8593e-01  1.9772e-01
 1.8818e-01  3.0473e-01 -2.8792e-01  1.9917e-01
 1.8938e-01  3.0716e-01 -2.8994e-01  2.0063e-01
 1.9058e-01  3.0965e-01 -2.9200e-01  2.0210e-01
 1.9178e-01  3.1218e-01 -2.9410e-01  2.0357e-01
 1.9299e-01  3.1477e-01 -2.9624e-01  2.0506e-01
 1.9419e-01  3.1741e-01 -2.9841e-01  2.0655e-01
 1.9539e-01  3.2011e-01 -3.0063e-01  2.0806e-01
 1.9659e-01  3.2287e-01 -3.0288e-01  2.0957e-01
 1.9780e-01  3.2570e-01 -3.0518e-01  2.1109e-01
 1.9900e-01  3.2858e-01 -3.0751e-01  2.1263e-01
 2.0020e-01  3.3153e-01 -3.0990e-01  2.1418e-01
 2.0140e-01  3.3455e-01 -3.1232e-01  2.1574e-01
 2.0261e-01  3.3763e-01 -3.1479e-01  2.1731e-01
 2.0381e-01  3.4079e-01 -3.1730e-01  2.1889e-01
 2.0501e-01  3.4402e-01 -3.1986e-01  2.2049e-01
 2.0621e-01  3.4732e-01 -3.2247e-01  2.2210e-01
 2.0741e-01  3.5070e-01 -3.2513e-01  2.2373e-01
 2.0862e-01  3.5416e-01 -3.2783e-01  2.2537e-01
 2.0982e-01  3.5771e-01 -3.3058e-01  2.2703e-01
 2.1102e-01  3.6133e-01 -3.3339e-01  2.2871e-01
 2.1222e-01  3.6505e-01 -3.3624e-01  2.3040e-01
 2.1343e-01  3.6885e-01 -3.3915e-01  2.3212e-01
 2.1463e-01  3.7274e-01 -3.4211e-01  2.3385e-01
 2.1583e-01  3.7673e-01 -3.4512e-01  2.3560e-01
 2.1703e-01  3.8082e-01 -3.4818e-01  2.3738e-01
 2.1824e-01  3.8500e-01 -3.5130e-01  2.3917e-01
 2.1944e-01  3.8929e-01 -3.5447e-01  2.4099e-01
 2.2064e-01  3.9368e-01 -3.5769e-01  2.4284e-01
 2.2184e-01  3.9817e-01 -3.6097e-01  2.4471e-01
 2.2305e-01  4.0278e-01 -3.6430e-01  2.4660e-01
 2.2425e-01  4.0750e-01 -3.6769e-01  2.4853e-01
 2.2545e-01  4.1233e-01 -3.7113e-01  2.5048e-01
 2.2665e-01  4.1728e-01 -3.7462e-01  2.5246e-01
 2.2786e-01  4.2235e-01 -3.7817e-01  2.5448e-01
 2.2906e-01  4.2754e-01 -3.8176e-01  2.5653e-01
 2.3026e-01  4.3286e-01 -3.8541e-01  2.5861e-01
 2.3146e-01  4.3830e-01 -3.8911e-01  2.6073e-01
 2.3267e-01  4.4387e-01 -3.9285e-01  2.6288e-01
 2.3387e-01  4.4957e-01 -3.9664e-01  2.6508e-01
 2.3507e-01  4.5541e-01 -4.0048e-01  2.6731e-01
 2.3627e-01  4.6137e-01 -4.0436e-01  2.6959e-01
 2.3747e-01  4.6748e-01 -4.0828e-01  2.7191e-01
 2.3868e-01  4.7372e-01 -4.1224e-01  2.7427e-01
 2.3988e-01  4.8010e-01 -4.1623e-01  2.7668e-01
 2.4108e-01  4.8662e-01 -4.2026e-01  2.7914e-01
 2.4228e-01  4.9327e-01 -4.2432e-01  2.8166e-01
 2.4349e-01  5.0007e-01 -4.2841e-01  2.8422e-01
 2.4469e-01  5.0702e-01 -4.3252e-01  2.8683e-01
 2.4589e-01  5.1410e-01 -4.3665e-01  2.8951e-01
 2.4709e-01  5.2133e-01 -4.4080e-01  2.9223e-01
 2.4830e-01  5.2869e-01 -4.4496e-01  2.9502e-01
 2.4950e-01  5.3620e-01 -4.4913e-01  2.9787e-01
 2.5070e-01  5.4385e-01 -4.5330e-01  3.0078e-01
 2.5190e-01  5.5164e-01 -4.5747e-01  3.0376e-01
 2.5311e-01  5.5957e-01 -4.6164e-01  3.0680e-01
 2.5431e-01  5.6763e-01 -4.6579e-01  3.0991e-01
 2.5551e-01  5.7584e-01 -4.6994e-01  3.1309e-01
 2.5671e-01  5.8417e-01 -4.7406e-01  3.1634e-01
 2.5792e-01  5.9264e-01 -4.7816e-01  3.1967e-01
 2.5912e-01  6.0124e-01 -4.8223e-01  3.2307e-01
 2.6032e-01  6.0997e-01 -4.8627e-01  3.2654e-01
 2.6152e-01  6.1882e-01 -4.9027e-01  3.3010e-01
 2.6273e-01  6.2780e-01 -4.9422e-01  3.3373e-01
 2.6393e-01  6.3690e-01 -4.9813e-01  3.3745e-01
 2.6513e-01  6.4611e-01 -5.0198e-01  3.4126e-01
 2.6633e-01  6.5544e-01 -5.0577e-01  3.4515e-01
 2.6754e-01  6.6489e-01 -5.0950e-01  3.4913e-01
 2.6874e-01  6.7444e-01 -5.1317e-01  3.5319e-01
 2.6994e-01  6.8410e-01 -5.1676e-01  3.5735e-01
 2.7114e-01  6.9386e-01 -5.2027e-01  3.6161e-01
 2.7234e-01  7.0372e-01 -5.2371e-01  3.6596e-01
 2.7355e-01  7.1368e-01 -5.2706e-01  3.7040e-01
 2.7475e-01  7.2372e-01 -5.3032e-01  3.7495e-01
 2.7595e-01  7.3386e-01 -5.3349e-01  3.7960e-01
 2.7715e-01  7.4409e-01 -5.3656e-01  3.8435e-01
 2.7836e-01  7.5440e-01 -5.3953e-01  3.8921e-01
 2.7956e-01  7.6478e-01 -5.4240e-01  3.9418e-01
 2.8076e-01  7.7525e-01 -5.4516e-01  3.9925e-01
 2.8196e-01  7.8578e-01 -5.4782e-01  4.0445e-01
 2.8317e-01  7.9639e-01 -5.5036e-01  4.0975e-01
 2.8437e-01  8.0706e-01 -5.5278e-01  4.1518e-01
 2.8557e-01  8.1779e-01 -5.5509e-01  4.2072e-01
 2.8677e-01  8.2859e-01 -5.5728e-01  4.2639e-01
 2.8798e-01  8.3944e-01 -5.5934e-01  4.3218e-01
 2.8918e-01  8.5034e-01 -5.6128e-01  4.3811e-01
 2.9038e-01  8.6130e-01 -5.6310e-01  4.4416e-01
 2.9158e-01  8.7230e-01 -5.6478e-01  4.5035e-01
 2.9279e-01  8.8335e-01 -5.6634e-01  4.5668e-01
 2.9399e-01  8.9444e-01 -5.6776e-01  4.6314e-01
 2.9519e-01  9.0557e-01 -5.6905e-01  4.6976e-01
 2.9639e-01  9.1674e-01 -5.7021e-01  4.7652e-01
 2.9760e-01  9.2794e-01 -5.7123e-01  4.8343e-01
 2.9880e-01  9.3917e-01 -5.7212e-01  4.9050e-01
 3.0000e-01  9.5043e-01 -5.7286e-01  4.9772e-01
