 0.0000e+00  3.4034e-02  6.2379e-01  8.0386e-01 -6.7773e-02  3.8820e-01  0.0000e+00  0.0000e+00
 5.0000e-02  3.9351e-02  6.1542e-01  8.0092e-01 -6.4986e-02  3.8663e-01  1.7339e-01 -1.7442e-01
 1.0000e-01  4.4863e-02  6.0676e-01  7.9788e-01 -6.2083e-02  3.8498e-01  1.7565e-01 -1.7672e-01
 1.5000e-01  5.0592e-02  5.9778e-01  7.9472e-01 -5.9050e-02  3.8322e-01  1.7810e-01 -1.7922e-01
 2.0000e-01  5.6569e-02  5.8844e-01  7.9143e-01 -5.5870e-02  3.8135e-01  1.8076e-01 -1.8193e-01
 2.5000e-01  6.2829e-02  5.7869e-01  7.8797e-01 -5.2520e-02  3.7935e-01  1.8368e-01 -1.8491e-01
 3.0000e-01  6.9418e-02  5.6845e-01  7.8434e-01 -4.8973e-02  3.7720e-01  1.8691e-01 -1.8821e-01
 3.5000e-01  7.6396e-02  5.5765e-01  7.8049e-01 -4.5193e-02  3.7485e-01  1.9052e-01 -1.9190e-01
 4.0000e-01  8.3845e-02  5.4618e-01  7.7638e-01 -4.1129e-02  3.7229e-01  1.9461e-01 -1.9608e-01
 4.5000e-01  9.1881e-02  5.3386e-01  7.7194e-01 -3.6712e-02  3.6944e-01  1.9932e-01 -2.0090e-01
 5.0000e-01  1.0068e-01  5.2045e-01  7.6708e-01 -3.1837e-02  3.6623e-01  2.0488e-01 -2.0659e-01
 5.5000e-01  1.1052e-01  5.0556e-01  7.6163e-01 -2.6332e-02  3.6251e-01  2.1167e-01 -2.1356e-01
 6.0000e-01  1.2192e-01  4.8845e-01  7.5531e-01 -1.9878e-02  3.5803e-01  2.2042e-01 -2.2256e-01
 6.5000e-01  1.3612e-01  4.6741e-01  7.4742e-01 -1.1732e-02  3.5218e-01  2.3292e-01 -2.3545e-01
 7.0000e-01  1.5525e-01  4.3788e-01  7.3674e-01 -5.3649e-04  3.4378e-01  2.5348e-01 -2.5675e-01
 7.5000e-01  1.5616e-01  4.1979e-01  7.3623e-01  4.9508e-10  3.4337e-01  2.5458e-01 -2.5790e-01
 8.0000e-01  1.5616e-01  4.0250e-01  7.3623e-01 -4.2125e-12  3.4337e-01  2.5458e-01 -2.5790e-01
 8.5000e-01  1.5616e-01  3.8521e-01  7.3623e-01  5.9744e-14  3.4337e-01  2.5458e-01 -2.5790e-01
 9.0000e-01  1.5616e-01  3.6792e-01  7.3623e-01  1.2351e-13  3.4337e-01  2.5458e-01 -2.5790e-01
 9.5000e-01  1.5616e-01  3.5063e-01  7.3623e-01  6.4324e-15  3.4337e-01  2.5458e-01 -2.5790e-01
 1.0000e+00  1.5616e-01  3.3335e-01  7.3623e-01 -1.3729e-13  3.4337e-01  2.5458e-01 -2.5790e-01
 1.0500e+00  1.5616e-01  3.1606e-01  7.3623e-01 -4.8704e-14  3.4337e-01  2.5458e-01 -2.5790e-01
 1.1000e+00  1.5616e-01  2.9877e-01  7.3623e-01  2.2275e-13  3.4337e-01  2.5458e-01 -2.5790e-01
 1.1500e+00  1.5616e-01  2.8148e-01  7.3623e-01 -1.8715e-13  3.4337e-01  2.5458e-01 -2.5790e-01
 1.2000e+00  1.5616e-01  2.6419e-01  7.3623e-01 -5.0758e-14  3.4337e-01  2.5458e-01 -2.5790e-01
 1.2500e+00  1.5616e-01  2.4690e-01  7.3623e-01 -4.0891e-14  3.4337e-01  2.5458e-01 -2.5790e-01
 1.3000e+00  1.5616e-01  2.2961e-01  7.3623e-01 -1.0332e-13  3.4337e-01  2.5458e-01 -2.5790e-01
 1.3500e+00  1.5616e-01  2.1232e-01  7.3623e-01  2.9825e-13  3.4337e-01  2.5458e-01 -2.5790e-01
 1.4000e+00  1.5616e-01  1.9503e-01  7.3623e-01  2.0331e-15  3.4337e-01  2.5458e-01 -2.5790e-01
 1.4500e+00  1.5616e-01  1.7774e-01  7.3623e-01  5.3804e-14  3.4337e-01  2.5458e-01 -2.5790e-01
 1.5000e+00  1.5616e-01  1.6045e-01  7.3623e-01 -1.8655e-13  3.4337e-01  2.5458e-01 -2.5790e-01
 1.5500e+00  1.5616e-01  1.4316e-01  7.3623e-01  8.3898e-14  3.4337e-01  2.5458e-01 -2.5790e-01
 1.6000e+00  1.5616e-01  1.2587e-01  7.3623e-01 -8.0623e-14  3.4337e-01  2.5458e-01 -2.5790e-01
 1.6500e+00  1.5616e-01  1.0858e-01  7.3623e-01  2.4606e-13  3.4337e-01  2.5458e-01 -2.5790e-01
 1.7000e+00  1.5616e-01  9.1294e-02  7.3623e-01 -3.7007e-13  3.4337e-01  2.5458e-01 -2.5790e-01
 1.7500e+00  1.5616e-01  7.4004e-02  7.3623e-01  2.4841e-15  3.4337e-01  2.5458e-01 -2.5790e-01
 1.8000e+00  1.5616e-01  5.6715e-02  7.3623e-01  2.6611e-13  3.4337e-01  2.5458e-01 -2.5790e-01
 1.8500e+00  1.5616e-01  3.9425e-02  7.3623e-01  8.0894e-14  3.4337e-01  2.5458e-01 -2.5790e-01
 1.9000e+00  1.5616e-01  2.2136e-02  7.3623e-01 -2.2062e-13  3.4337e-01  2.5458e-01 -2.5790e-01
 1.9500e+00  1.5616e-01  4.8467e-03  7.3623e-01  6.8223e-14  3.4337e-01  2.5458e-01 -2.5790e-01
 2.0000e+00  1.5616e-01 -1.2443e-02  7.3623e-01 -2.4651e-13  3.4337e-01  2.5458e-01 -2.5790e-01
