 0.0000e+00  3.4034e-02  6.2379e-01  8.0386e-01 -6.7773e-02  3.8820e-01  0.0000e+00  0.0000e+00
 3.0000e-03  3.5175e-02  6.2179e-01  8.0323e-01 -6.7176e-02  3.8786e-01  6.7640e-01 -6.2958e-01
 6.0000e-03  3.6323e-02  6.1978e-01  8.0259e-01 -6.6575e-02  3.8753e-01  6.7807e-01 -6.3089e-01
 9.0000e-03  3.7478e-02  6.1775e-01  8.0196e-01 -6.5969e-02  3.8719e-01  6.7976e-01 -6.3222e-01
 1.2000e-02  3.8641e-02  6.1571e-01  8.0131e-01 -6.5359e-02  3.8684e-01  6.8148e-01 -6.3357e-01
 1.5000e-02  3.9812e-02  6.1365e-01  8.0067e-01 -6.4744e-02  3.8650e-01  6.8322e-01 -6.3494e-01
 1.8000e-02  4.0991e-02  6.1158e-01  8.0002e-01 -6.4124e-02  3.8614e-01  6.8498e-01 -6.3632e-01
 2.1000e-02  4.2177e-02  6.0950e-01  7.9936e-01 -6.3499e-02  3.8579e-01  6.8677e-01 -6.3772e-01
 2.4000e-02  4.3372e-02  6.0740e-01  7.9870e-01 -6.2870e-02  3.8543e-01  6.8858e-01 -6.3913e-01
 2.7000e-02  4.4575e-02  6.0528e-01  7.9804e-01 -6.2235e-02  3.8507e-01  6.9042e-01 -6.4057e-01
 3.0000e-02  4.5787e-02  6.0315e-01  7.9737e-01 -6.1595e-02  3.8470e-01  6.9229e-01 -6.4202e-01
 3.3000e-02  4.7008e-02  6.0100e-01  7.9670e-01 -6.0949e-02  3.8433e-01  6.9419e-01 -6.4350e-01
 3.6000e-02  4.8238e-02  5.9883e-01  7.9602e-01 -6.0299e-02  3.8395e-01  6.9611e-01 -6.4499e-01
 3.9000e-02  4.9476e-02  5.9665e-01  7.9534e-01 -5.9642e-02  3.8357e-01  6.9807e-01 -6.4651e-01
 4.2000e-02  5.0724e-02  5.9445e-01  7.9465e-01 -5.8980e-02  3.8318e-01  7.0005e-01 -6.4804e-01
 4.5000e-02  5.1982e-02  5.9223e-01  7.9396e-01 -5.8312e-02  3.8279e-01  7.0206e-01 -6.4960e-01
 4.8000e-02  5.3249e-02  5.8999e-01  7.9326e-01 -5.7638e-02  3.8240e-01  7.0411e-01 -6.5118e-01
 5.1000e-02  5.4526e-02  5.8773e-01  7.9255e-01 -5.6959e-02  3.8200e-01  7.0619e-01 -6.5278e-01
 5.4000e-02  5.5814e-02  5.8546e-01  7.9184e-01 -5.6273e-02  3.8159e-01  7.0831e-01 -6.5440e-01
 5.7000e-02  5.7112e-02  5.8316e-01  7.9113e-01 -5.5580e-02  3.8118e-01  7.1046e-01 -6.5605e-01
 6.0000e-02  5.8420e-02  5.8085e-01  7.9040e-01 -5.4881e-02  3.8077e-01  7.1264e-01 -6.5772e-01
 6.3000e-02  5.9740e-02  5.7851e-01  7.8968e-01 -5.4175e-02  3.8035e-01  7.1487e-01 -6.5942e-01
 6.6000e-02  6.1070e-02  5.7615e-01  7.8894e-01 -5.3463e-02  3.7992e-01  7.1713e-01 -6.6114e-01
 6.9000e-02  6.2413e-02  5.7377e-01  7.8820e-01 -5.2743e-02  3.7949e-01  7.1943e-01 -6.6289e-01
 7.2000e-02  6.3767e-02  5.7137e-01  7.8746e-01 -5.2016e-02  3.7905e-01  7.2177e-01 -6.6467e-01
 7.5000e-02  6.5133e-02  5.6894e-01  7.8670e-01 -5.1282e-02  3.7860e-01  7.2416e-01 -6.6648e-01
 7.8000e-02  6.6511e-02  5.6649e-01  7.8594e-01 -5.0540e-02  3.7815e-01  7.2659e-01 -6.6831e-01
 8.1000e-02  6.7902e-02  5.6402e-01  7.8517e-01 -4.9791e-02  3.7770e-01  7.2906e-01 -6.7018e-01
 8.4000e-02  6.9307e-02  5.6152e-01  7.8440e-01 -4.9033e-02  3.7723e-01  7.3158e-01 -6.7208e-01
 8.7000e-02  7.0724e-02  5.5899e-01  7.8362e-01 -4.8267e-02  3.7676e-01  7.3415e-01 -6.7401e-01
 9.0000e-02  7.2156e-02  5.5644e-01  7.8283e-01 -4.7493e-02  3.7628e-01  7.3677e-01 -6.7597e-01
 9.3000e-02  7.3602e-02  5.5386e-01  7.8203e-01 -4.6709e-02  3.7580e-01  7.3945e-01 -6.7796e-01
 9.6000e-02  7.5062e-02  5.5125e-01  7.8123e-01 -4.5917e-02  3.7531e-01  7.4217e-01 -6.7999e-01
 9.9000e-02  7.6537e-02  5.4861e-01  7.8041e-01 -4.5116e-02  3.7481e-01  7.4496e-01 -6.8206e-01
 1.0200e-01  7.8028e-02  5.4594e-01  7.7959e-01 -4.4305e-02  3.7430e-01  7.4780e-01 -6.8417e-01
 1.0500e-01  7.9535e-02  5.4324e-01  7.7876e-01 -4.3484e-02  3.7378e-01  7.5070e-01 -6.8631e-01
 1.0800e-01  8.1058e-02  5.4051e-01  7.7792e-01 -4.2653e-02  3.7326e-01  7.5367e-01 -6.8850e-01
 1.1100e-01  8.2599e-02  5.3774e-01  7.7707e-01 -4.1811e-02  3.7272e-01  7.5670e-01 -6.9072e-01
 1.1400e-01  8.4156e-02  5.3494e-01  7.7621e-01 -4.0959e-02  3.7218e-01  7.5980e-01 -6.9299e-01
 1.1700e-01  8.5732e-02  5.3211e-01  7.7534e-01 -4.0095e-02  3.7163e-01  7.6297e-01 -6.9531e-01
 1.2000e-01  8.7327e-02  5.2923e-01  7.7446e-01 -3.9220e-02  3.7107e-01  7.6622e-01 -6.9767e-01
 1.2300e-01  8.8941e-02  5.2632e-01  7.7356e-01 -3.8332e-02  3.7049e-01  7.6954e-01 -7.0008e-01
 1.2600e-01  9.0576e-02  5.2336e-01  7.7266e-01 -3.7432e-02  3.6991e-01  7.7295e-01 -7.0254e-01
 1.2900e-01  9.2231e-02  5.2037e-01  7.7175e-01 -3.6520e-02  3.6932e-01  7.7644e-01 -7.0505e-01
 1.3200e-01  9.3907e-02  5.1733e-01  7.7082e-01 -3.5593e-02  3.6871e-01  7.8002e-01 -7.0762e-01
 1.3500e-01  9.5606e-02  5.1424e-01  7.6988e-01 -3.4653e-02  3.6810e-01  7.8370e-01 -7.1025e-01
 1.3800e-01  9.7328e-02  5.1111e-01  7.6893e-01 -3.3698e-02  3.6747e-01  7.8747e-01 -7.1293e-01
 1.4100e-01  9.9075e-02  5.0792e-01  7.6796e-01 -3.2729e-02  3.6682e-01  7.9134e-01 -7.1568e-01
 1.4400e-01  1.0085e-01  5.0469e-01  7.6699e-01 -3.1743e-02  3.6617e-01  7.9533e-01 -7.1849e-01
 1.4700e-01  1.0264e-01  5.0140e-01  7.6599e-01 -3.0741e-02  3.6550e-01  7.9942e-01 -7.2137e-01
 1.5000e-01  1.0447e-01  4.9805e-01  7.6498e-01 -2.9722e-02  3.6481e-01  8.0364e-01 -7.2432e-01
 1.5300e-01  1.0632e-01  4.9465e-01  7.6396e-01 -2.8685e-02  3.6412e-01  8.0798e-01 -7.2734e-01
 1.5600e-01  1.0821e-01  4.9118e-01  7.6291e-01 -2.7630e-02  3.6340e-01  8.1246e-01 -7.3044e-01
 1.5900e-01  1.1012e-01  4.8764e-01  7.6185e-01 -2.6554e-02  3.6267e-01  8.1708e-01 -7.3363e-01
 1.6200e-01  1.1207e-01  4.8403e-01  7.6077e-01 -2.5459e-02  3.6192e-01  8.2185e-01 -7.3690e-01
 1.6500e-01  1.1405e-01  4.8036e-01  7.5968e-01 -2.4341e-02  3.6115e-01  8.2678e-01 -7.4026e-01
 1.6800e-01  1.1607e-01  4.7660e-01  7.5856e-01 -2.3201e-02  3.6036e-01  8.3188e-01 -7.4371e-01
 1.7100e-01  1.1812e-01  4.7276e-01  7.5742e-01 -2.2037e-02  3.5955e-01  8.3716e-01 -7.4727e-01
 1.7400e-01  1.2022e-01  4.6883e-01  7.5626e-01 -2.0848e-02  3.5872e-01  8.4263e-01 -7.5093e-01
 1.7700e-01  1.2236e-01  4.6481e-01  7.5507e-01 -1.9632e-02  3.5786e-01  8.4831e-01 -7.5470e-01
 1.8000e-01  1.2454e-01  4.6069e-01  7.5386e-01 -1.8388e-02  3.5698e-01  8.5421e-01 -7.5860e-01
 1.8300e-01  1.2677e-01  4.5647e-01  7.5262e-01 -1.7113e-02  3.5607e-01  8.6035e-01 -7.6261e-01
 1.8600e-01  1.2904e-01  4.5213e-01  7.5136e-01 -1.5807e-02  3.5514e-01  8.6674e-01 -7.6676e-01
 1.8900e-01  1.3138e-01  4.4767e-01  7.5006e-01 -1.4468e-02  3.5417e-01  8.7340e-01 -7.7106e-01
 1.9200e-01  1.3376e-01  4.4308e-01  7.4873e-01 -1.3092e-02  3.5318e-01  8.8036e-01 -7.7550e-01
 1.9500e-01  1.3621e-01  4.3835e-01  7.4737e-01 -1.1677e-02  3.5214e-01  8.8764e-01 -7.8011e-01
 1.9800e-01  1.3873e-01  4.3346e-01  7.4597e-01 -1.0221e-02  3.5108e-01  8.9528e-01 -7.8488e-01
 2.0100e-01  1.4131e-01  4.2841e-01  7.4453e-01 -8.7207e-03  3.4997e-01  9.0329e-01 -7.8985e-01
 2.0400e-01  1.4397e-01  4.2318e-01  7.4305e-01 -7.1723e-03  3.4881e-01  9.1172e-01 -7.9501e-01
 2.0700e-01  1.4670e-01  4.1776e-01  7.4152e-01 -5.5719e-03  3.4761e-01  9.2061e-01 -8.0038e-01
 2.1000e-01  1.4953e-01  4.1211e-01  7.3994e-01 -3.9154e-03  3.4636e-01  9.3000e-01 -8.0598e-01
 2.1300e-01  1.5244e-01  4.0623e-01  7.3831e-01 -2.1977e-03  3.4506e-01  9.3994e-01 -8.1182e-01
 2.1600e-01  1.5545e-01  4.0010e-01  7.3663e-01 -4.2060e-04  3.4369e-01  9.5046e-01 -8.1791e-01
 2.1900e-01  1.5859e-01  3.9365e-01  7.3487e-01  1.4440e-03  3.4225e-01  9.6176e-01 -8.2433e-01
 2.2179e-01  1.6148e-01  3.8749e-01  7.3325e-01  3.1624e-03  3.4091e-01  9.7241e-01 -8.3028e-01
 2.2459e-01  1.6476e-01  3.8077e-01  7.3141e-01  5.1224e-03  3.3937e-01  9.8483e-01 -8.3709e-01
 2.2738e-01  1.6802e-01  3.7382e-01  7.2958e-01  7.0832e-03  3.3781e-01  9.9757e-01 -8.4392e-01
 2.3017e-01  1.7143e-01  3.6647e-01  7.2766e-01  9.1357e-03  3.3617e-01  1.0112e+00 -8.5107e-01
 2.3297e-01  1.7498e-01  3.5868e-01  7.2566e-01  1.1290e-02  3.3443e-01  1.0260e+00 -8.5858e-01
 2.3576e-01  1.7870e-01  3.5038e-01  7.2356e-01  1.3555e-02  3.3258e-01  1.0419e+00 -8.6646e-01
 2.3855e-01  1.8260e-01  3.4152e-01  7.2136e-01  1.5944e-02  3.3061e-01  1.0591e+00 -8.7472e-01
 2.4134e-01  1.8670e-01  3.3200e-01  7.1903e-01  1.8470e-02  3.2850e-01  1.0779e+00 -8.8337e-01
 2.4414e-01  1.9102e-01  3.2174e-01  7.1659e-01  2.1144e-02  3.2624e-01  1.0983e+00 -8.9242e-01
 2.4693e-01  1.9557e-01  3.1065e-01  7.1400e-01  2.3981e-02  3.2381e-01  1.1207e+00 -9.0183e-01
 2.4972e-01  2.0036e-01  2.9861e-01  7.1127e-01  2.6991e-02  3.2120e-01  1.1452e+00 -9.1154e-01
 2.5252e-01  2.0540e-01  2.8552e-01  7.0839e-01  3.0182e-02  3.1839e-01  1.1721e+00 -9.2146e-01
 2.5531e-01  2.1067e-01  2.7129e-01  7.0537e-01  3.3555e-02  3.1537e-01  1.2014e+00 -9.3143e-01
 2.5810e-01  2.1617e-01  2.5587e-01  7.0221e-01  3.7100e-02  3.1215e-01  1.2331e+00 -9.4121e-01
 2.6090e-01  2.2184e-01  2.3925e-01  6.9893e-01  4.0794e-02  3.0873e-01  1.2672e+00 -9.5052e-01
 2.6369e-01  2.2762e-01  2.2150e-01  6.9559e-01  4.4600e-02  3.0513e-01  1.3033e+00 -9.5902e-01
 2.6648e-01  2.3342e-01  2.0276e-01  6.9221e-01  4.8469e-02  3.0140e-01  1.3410e+00 -9.6636e-01
 2.6928e-01  2.3917e-01  1.8324e-01  6.8885e-01  5.2349e-02  2.9758e-01  1.3795e+00 -9.7227e-01
 2.7207e-01  2.4479e-01  1.6317e-01  6.8554e-01  5.6193e-02  2.9372e-01  1.4184e+00 -9.7657e-01
 2.7486e-01  2.5023e-01  1.4275e-01  6.8233e-01  5.9963e-02  2.8983e-01  1.4569e+00 -9.7918e-01
 2.7766e-01  2.5544e-01  1.2217e-01  6.7923e-01  6.3637e-02  2.8594e-01  1.4948e+00 -9.8014e-01
 2.8045e-01  2.6042e-01  1.0157e-01  6.7625e-01  6.7201e-02  2.8208e-01  1.5316e+00 -9.7953e-01
 2.8324e-01  2.6517e-01  8.1049e-02  6.7340e-01  7.0645e-02  2.7826e-01  1.5672e+00 -9.7751e-01
 2.8603e-01  2.6968e-01  6.0661e-02  6.7066e-01  7.3964e-02  2.7452e-01  1.6016e+00 -9.7421e-01
 2.8883e-01  2.7398e-01  4.0446e-02  6.6805e-01  7.7157e-02  2.7089e-01  1.6346e+00 -9.6978e-01
 2.9000e-01  2.7572e-01  3.2017e-02  6.6699e-01  7.8460e-02  2.6940e-01  1.6481e+00 -9.6762e-01
 2.9400e-01  2.8142e-01  3.5197e-03  6.6350e-01  8.2745e-02  2.6449e-01  1.6925e+00 -9.5908e-01
 2.9800e-01  2.8676e-01 -2.4577e-02  6.6022e-01  8.6794e-02  2.5985e-01  1.7344e+00 -9.4897e-01
 3.0200e-01  2.9179e-01 -5.2293e-02  6.5712e-01  9.0624e-02  2.5547e-01  1.7740e+00 -9.3758e-01
 3.0600e-01  2.9654e-01 -7.9655e-02  6.5418e-01  9.4252e-02  2.5137e-01  1.8116e+00 -9.2514e-01
 3.1000e-01  3.0105e-01 -1.0670e-01  6.5139e-01  9.7696e-02  2.4751e-01  1.8472e+00 -9.1184e-01
