 1.0000e-03  1.6000e-05
 8.9980e-03  1.2954e-03
 1.6996e-02  4.6213e-03
 2.4994e-02  9.9929e-03
 3.2992e-02  1.7408e-02
 4.0990e-02  2.6866e-02
 4.8988e-02  3.8363e-02
 5.6986e-02  5.1895e-02
 6.4984e-02  6.7460e-02
 7.2982e-02  8.5052e-02
 8.0980e-02  1.0467e-01
 8.8978e-02  1.2630e-01
 9.6976e-02  1.4994e-01
 1.0497e-01  1.7558e-01
 1.1297e-01  2.0322e-01
 1.2097e-01  2.3285e-01
 1.2897e-01  2.6446e-01
 1.3697e-01  2.9804e-01
 1.4496e-01  3.3357e-01
 1.5296e-01  3.7106e-01
 1.6096e-01  4.1048e-01
 1.6896e-01  4.5183e-01
 1.7696e-01  4.9509e-01
 1.8495e-01  5.4026e-01
 1.9295e-01  5.8731e-01
 2.0095e-01  6.3623e-01
 2.0895e-01  6.8701e-01
 2.1695e-01  7.3962e-01
 2.2494e-01  7.9407e-01
 2.3294e-01  8.5032e-01
 2.4094e-01  9.0836e-01
 2.4894e-01  9.6817e-01
 2.5694e-01  1.0297e+00
 2.6493e-01  1.0930e+00
 2.7293e-01  1.1580e+00
 2.8093e-01  1.2247e+00
 2.8893e-01  1.2931e+00
 2.9693e-01  1.3631e+00
 3.0492e-01  1.4347e+00
 3.1292e-01  1.5080e+00
 3.2092e-01  1.5828e+00
 3.2892e-01  1.6591e+00
 3.3692e-01  1.7370e+00
 3.4491e-01  1.8163e+00
 3.5291e-01  1.8971e+00
 3.6091e-01  1.9794e+00
 3.6891e-01  2.0630e+00
 3.7691e-01  2.1480e+00
 3.8490e-01  2.2344e+00
 3.9290e-01  2.3220e+00
 4.0090e-01  2.4110e+00
 4.0890e-01  2.5011e+00
 4.1690e-01  2.5925e+00
 4.2489e-01  2.6850e+00
 4.3289e-01  2.7786e+00
 4.4089e-01  2.8734e+00
 4.4889e-01  2.9691e+00
 4.5689e-01  3.0659e+00
 4.6488e-01  3.1637e+00
 4.7288e-01  3.2623e+00
 4.8088e-01  3.3618e+00
 4.8888e-01  3.4622e+00
 4.9688e-01  3.5633e+00
 5.0487e-01  3.6651e+00
 5.1287e-01  3.7676e+00
 5.2087e-01  3.8708e+00
 5.2887e-01  3.9745e+00
 5.3687e-01  4.0787e+00
 5.4486e-01  4.1834e+00
 5.5286e-01  4.2885e+00
 5.6086e-01  4.3939e+00
 5.6886e-01  4.4996e+00
 5.7686e-01  4.6054e+00
 5.8485e-01  4.7115e+00
 5.9285e-01  4.8176e+00
 6.0085e-01  4.9237e+00
 6.0885e-01  5.0298e+00
 6.1685e-01  5.1357e+00
 6.2484e-01  5.2414e+00
 6.3284e-01  5.3468e+00
 6.4084e-01  5.4518e+00
 6.4884e-01  5.5564e+00
 6.5684e-01  5.6604e+00
 6.6483e-01  5.7637e+00
 6.7283e-01  5.8663e+00
 6.8083e-01  5.9681e+00
 6.8883e-01  6.0689e+00
 6.9683e-01  6.1686e+00
 7.0482e-01  6.2672e+00
 7.1282e-01  6.3646e+00
 7.2082e-01  6.4605e+00
 7.2882e-01  6.5549e+00
 7.3682e-01  6.6476e+00
 7.4481e-01  6.7386e+00
 7.5281e-01  6.8276e+00
 7.6081e-01  6.9145e+00
 7.6881e-01  6.9991e+00
 7.7681e-01  7.0814e+00
 7.8480e-01  7.1611e+00
 7.9280e-01  7.2379e+00
 8.0080e-01  7.3118e+00
 8.0880e-01  7.3825e+00
 8.1680e-01  7.4498e+00
 8.2479e-01  7.5135e+00
 8.3279e-01  7.5732e+00
 8.4079e-01  7.6287e+00
 8.4879e-01  7.6798e+00
 8.5679e-01  7.7260e+00
 8.6478e-01  7.7670e+00
 8.7278e-01  7.8025e+00
 8.8078e-01  7.8320e+00
 8.8878e-01  7.8551e+00
 8.9678e-01  7.8711e+00
 9.0477e-01  7.8795e+00
 9.1277e-01  7.8796e+00
 9.2077e-01  7.8706e+00
 9.2877e-01  7.8516e+00
 9.3677e-01  7.8213e+00
 9.4476e-01  7.7785e+00
 9.5276e-01  7.7213e+00
 9.6076e-01  7.6474e+00
 9.6876e-01  7.5536e+00
 9.7676e-01  7.4351e+00
 9.8475e-01  7.2839e+00
 9.9275e-01  7.0829e+00
 1.0008e+00  6.7426e+00
 1.0087e+00  6.4454e+00
 1.0167e+00  6.2340e+00
 1.0247e+00  6.0581e+00
 1.0327e+00  5.9047e+00
 1.0407e+00  5.7673e+00
 1.0487e+00  5.6424e+00
 1.0567e+00  5.5274e+00
 1.0647e+00  5.4207e+00
 1.0727e+00  5.3211e+00
 1.0807e+00  5.2275e+00
 1.0887e+00  5.1392e+00
 1.0967e+00  5.0557e+00
 1.1047e+00  4.9763e+00
 1.1127e+00  4.9007e+00
 1.1207e+00  4.8285e+00
 1.1287e+00  4.7595e+00
 1.1367e+00  4.6933e+00
 1.1447e+00  4.6297e+00
 1.1527e+00  4.5686e+00
 1.1607e+00  4.5097e+00
 1.1687e+00  4.4529e+00
 1.1767e+00  4.3981e+00
 1.1847e+00  4.3451e+00
 1.1927e+00  4.2938e+00
 1.2007e+00  4.2441e+00
 1.2087e+00  4.1960e+00
 1.2167e+00  4.1493e+00
 1.2247e+00  4.1039e+00
 1.2327e+00  4.0598e+00
 1.2407e+00  4.0170e+00
 1.2487e+00  3.9753e+00
 1.2567e+00  3.9347e+00
 1.2647e+00  3.8951e+00
 1.2727e+00  3.8565e+00
 1.2807e+00  3.8189e+00
 1.2887e+00  3.7823e+00
 1.2967e+00  3.7464e+00
 1.3047e+00  3.7115e+00
 1.3127e+00  3.6773e+00
 1.3207e+00  3.6439e+00
 1.3287e+00  3.6112e+00
 1.3367e+00  3.5793e+00
 1.3447e+00  3.5480e+00
 1.3527e+00  3.5174e+00
 1.3607e+00  3.4874e+00
 1.3687e+00  3.4581e+00
 1.3767e+00  3.4293e+00
 1.3847e+00  3.4011e+00
 1.3927e+00  3.3734e+00
 1.4006e+00  3.3463e+00
 1.4086e+00  3.3197e+00
 1.4166e+00  3.2936e+00
 1.4246e+00  3.2680e+00
 1.4326e+00  3.2428e+00
 1.4406e+00  3.2181e+00
 1.4486e+00  3.1938e+00
 1.4566e+00  3.1700e+00
 1.4646e+00  3.1466e+00
 1.4726e+00  3.1235e+00
 1.4806e+00  3.1009e+00
 1.4886e+00  3.0786e+00
 1.4966e+00  3.0567e+00
 1.5046e+00  3.0352e+00
 1.5126e+00  3.0140e+00
 1.5206e+00  2.9931e+00
 1.5286e+00  2.9726e+00
 1.5366e+00  2.9524e+00
 1.5446e+00  2.9325e+00
 1.5526e+00  2.9129e+00
 1.5606e+00  2.8936e+00
 1.5686e+00  2.8746e+00
 1.5766e+00  2.8559e+00
 1.5846e+00  2.8375e+00
 1.5926e+00  2.8193e+00
 1.6006e+00  2.8014e+00
 1.6086e+00  2.7837e+00
 1.6166e+00  2.7663e+00
 1.6246e+00  2.7491e+00
 1.6326e+00  2.7322e+00
 1.6406e+00  2.7155e+00
 1.6486e+00  2.6990e+00
 1.6566e+00  2.6827e+00
 1.6646e+00  2.6667e+00
 1.6726e+00  2.6509e+00
 1.6806e+00  2.6353e+00
 1.6886e+00  2.6199e+00
 1.6966e+00  2.6047e+00
 1.7046e+00  2.5896e+00
 1.7126e+00  2.5748e+00
 1.7206e+00  2.5602e+00
 1.7286e+00  2.5457e+00
 1.7366e+00  2.5314e+00
 1.7446e+00  2.5173e+00
 1.7526e+00  2.5034e+00
 1.7606e+00  2.4896e+00
 1.7686e+00  2.4761e+00
 1.7766e+00  2.4626e+00
 1.7846e+00  2.4493e+00
 1.7926e+00  2.4362e+00
 1.8005e+00  2.4233e+00
 1.8085e+00  2.4104e+00
 1.8165e+00  2.3978e+00
 1.8245e+00  2.3853e+00
 1.8325e+00  2.3729e+00
 1.8405e+00  2.3606e+00
 1.8485e+00  2.3485e+00
 1.8565e+00  2.3366e+00
 1.8645e+00  2.3247e+00
 1.8725e+00  2.3130e+00
 1.8805e+00  2.3014e+00
 1.8885e+00  2.2900e+00
 1.8965e+00  2.2787e+00
 1.9045e+00  2.2674e+00
 1.9125e+00  2.2563e+00
 1.9205e+00  2.2454e+00
 1.9285e+00  2.2345e+00
 1.9365e+00  2.2238e+00
 1.9445e+00  2.2131e+00
 1.9525e+00  2.2026e+00
 1.9605e+00  2.1922e+00
 1.9685e+00  2.1819e+00
 1.9765e+00  2.1716e+00
 1.9845e+00  2.1615e+00
 1.9925e+00  2.1515e+00
 2.0005e+00  2.1416e+00
 2.0085e+00  2.1318e+00
 2.0165e+00  2.1221e+00
 2.0245e+00  2.1125e+00
 2.0325e+00  2.1029e+00
 2.0405e+00  2.0935e+00
 2.0485e+00  2.0842e+00
 2.0565e+00  2.0749e+00
 2.0645e+00  2.0657e+00
 2.0725e+00  2.0566e+00
 2.0805e+00  2.0476e+00
 2.0885e+00  2.0387e+00
 2.0965e+00  2.0299e+00
 2.1045e+00  2.0211e+00
 2.1125e+00  2.0125e+00
 2.1205e+00  2.0039e+00
 2.1285e+00  1.9954e+00
 2.1365e+00  1.9869e+00
 2.1445e+00  1.9786e+00
 2.1525e+00  1.9703e+00
 2.1605e+00  1.9621e+00
 2.1685e+00  1.9539e+00
 2.1765e+00  1.9458e+00
 2.1845e+00  1.9378e+00
 2.1925e+00  1.9299e+00
 2.2005e+00  1.9220e+00
 2.2084e+00  1.9143e+00
 2.2164e+00  1.9065e+00
 2.2244e+00  1.8989e+00
 2.2324e+00  1.8913e+00
 2.2404e+00  1.8837e+00
 2.2484e+00  1.8763e+00
 2.2564e+00  1.8688e+00
 2.2644e+00  1.8615e+00
 2.2724e+00  1.8542e+00
 2.2804e+00  1.8470e+00
 2.2884e+00  1.8398e+00
 2.2964e+00  1.8327e+00
 2.3044e+00  1.8257e+00
 2.3124e+00  1.8187e+00
 2.3204e+00  1.8117e+00
 2.3284e+00  1.8048e+00
 2.3364e+00  1.7980e+00
 2.3444e+00  1.7912e+00
 2.3524e+00  1.7845e+00
 2.3604e+00  1.7778e+00
 2.3684e+00  1.7712e+00
 2.3764e+00  1.7647e+00
 2.3844e+00  1.7581e+00
 2.3924e+00  1.7517e+00
 2.4004e+00  1.7453e+00
 2.4084e+00  1.7389e+00
 2.4164e+00  1.7326e+00
 2.4244e+00  1.7263e+00
 2.4324e+00  1.7201e+00
 2.4404e+00  1.7139e+00
 2.4484e+00  1.7078e+00
 2.4564e+00  1.7017e+00
 2.4644e+00  1.6957e+00
 2.4724e+00  1.6897e+00
 2.4804e+00  1.6837e+00
 2.4884e+00  1.6778e+00
 2.4964e+00  1.6720e+00
 2.5044e+00  1.6661e+00
 2.5124e+00  1.6604e+00
 2.5204e+00  1.6546e+00
 2.5284e+00  1.6489e+00
 2.5364e+00  1.6433e+00
 2.5444e+00  1.6377e+00
 2.5524e+00  1.6321e+00
 2.5604e+00  1.6266e+00
 2.5684e+00  1.6211e+00
 2.5764e+00  1.6156e+00
 2.5844e+00  1.6102e+00
 2.5924e+00  1.6048e+00
 2.6003e+00  1.5995e+00
 2.6083e+00  1.5942e+00
 2.6163e+00  1.5889e+00
 2.6243e+00  1.5837e+00
 2.6323e+00  1.5785e+00
 2.6403e+00  1.5733e+00
 2.6483e+00  1.5682e+00
 2.6563e+00  1.5631e+00
 2.6643e+00  1.5580e+00
 2.6723e+00  1.5530e+00
 2.6803e+00  1.5480e+00
 2.6883e+00  1.5430e+00
 2.6963e+00  1.5381e+00
 2.7043e+00  1.5332e+00
 2.7123e+00  1.5284e+00
 2.7203e+00  1.5235e+00
 2.7283e+00  1.5187e+00
 2.7363e+00  1.5140e+00
 2.7443e+00  1.5092e+00
 2.7523e+00  1.5045e+00
 2.7603e+00  1.4999e+00
 2.7683e+00  1.4952e+00
 2.7763e+00  1.4906e+00
 2.7843e+00  1.4860e+00
 2.7923e+00  1.4815e+00
 2.8003e+00  1.4769e+00
 2.8083e+00  1.4724e+00
 2.8163e+00  1.4680e+00
 2.8243e+00  1.4635e+00
 2.8323e+00  1.4591e+00
 2.8403e+00  1.4547e+00
 2.8483e+00  1.4503e+00
 2.8563e+00  1.4460e+00
 2.8643e+00  1.4417e+00
 2.8723e+00  1.4374e+00
 2.8803e+00  1.4332e+00
 2.8883e+00  1.4289e+00
 2.8963e+00  1.4247e+00
 2.9043e+00  1.4206e+00
 2.9123e+00  1.4164e+00
 2.9203e+00  1.4123e+00
 2.9283e+00  1.4082e+00
 2.9363e+00  1.4041e+00
 2.9443e+00  1.4001e+00
 2.9523e+00  1.3960e+00
 2.9603e+00  1.3920e+00
 2.9683e+00  1.3880e+00
 2.9763e+00  1.3841e+00
 2.9843e+00  1.3801e+00
 2.9923e+00  1.3762e+00
 3.0002e+00  1.3723e+00
 3.0082e+00  1.3685e+00
 3.0162e+00  1.3646e+00
 3.0242e+00  1.3608e+00
 3.0322e+00  1.3570e+00
 3.0402e+00  1.3532e+00
 3.0482e+00  1.3495e+00
 3.0562e+00  1.3457e+00
 3.0642e+00  1.3420e+00
 3.0722e+00  1.3383e+00
 3.0802e+00  1.3346e+00
 3.0882e+00  1.3310e+00
 3.0962e+00  1.3274e+00
 3.1042e+00  1.3238e+00
 3.1122e+00  1.3202e+00
 3.1202e+00  1.3166e+00
 3.1282e+00  1.3130e+00
 3.1362e+00  1.3095e+00
 3.1442e+00  1.3060e+00
 3.1522e+00  1.3025e+00
 3.1602e+00  1.2990e+00
 3.1682e+00  1.2956e+00
 3.1762e+00  1.2921e+00
 3.1842e+00  1.2887e+00
 3.1922e+00  1.2853e+00
 3.2002e+00  1.2819e+00
 3.2082e+00  1.2786e+00
 3.2162e+00  1.2752e+00
 3.2242e+00  1.2719e+00
 3.2322e+00  1.2686e+00
 3.2402e+00  1.2653e+00
 3.2482e+00  1.2620e+00
 3.2562e+00  1.2588e+00
 3.2642e+00  1.2555e+00
 3.2722e+00  1.2523e+00
 3.2802e+00  1.2491e+00
 3.2882e+00  1.2459e+00
 3.2962e+00  1.2427e+00
 3.3042e+00  1.2396e+00
 3.3122e+00  1.2365e+00
 3.3202e+00  1.2333e+00
 3.3282e+00  1.2302e+00
 3.3362e+00  1.2271e+00
 3.3442e+00  1.2241e+00
 3.3522e+00  1.2210e+00
 3.3602e+00  1.2180e+00
 3.3682e+00  1.2149e+00
 3.3762e+00  1.2119e+00
 3.3842e+00  1.2089e+00
 3.3922e+00  1.2059e+00
 3.4002e+00  1.2030e+00
 3.4081e+00  1.2000e+00
 3.4161e+00  1.1971e+00
 3.4241e+00  1.1942e+00
 3.4321e+00  1.1912e+00
 3.4401e+00  1.1884e+00
 3.4481e+00  1.1855e+00
 3.4561e+00  1.1826e+00
 3.4641e+00  1.1798e+00
 3.4721e+00  1.1769e+00
 3.4801e+00  1.1741e+00
 3.4881e+00  1.1713e+00
 3.4961e+00  1.1685e+00
 3.5041e+00  1.1657e+00
 3.5121e+00  1.1629e+00
 3.5201e+00  1.1602e+00
 3.5281e+00  1.1574e+00
 3.5361e+00  1.1547e+00
 3.5441e+00  1.1520e+00
 3.5521e+00  1.1493e+00
 3.5601e+00  1.1466e+00
 3.5681e+00  1.1439e+00
 3.5761e+00  1.1413e+00
 3.5841e+00  1.1386e+00
 3.5921e+00  1.1360e+00
 3.6001e+00  1.1333e+00
 3.6081e+00  1.1307e+00
 3.6161e+00  1.1281e+00
 3.6241e+00  1.1255e+00
 3.6321e+00  1.1230e+00
 3.6401e+00  1.1204e+00
 3.6481e+00  1.1178e+00
 3.6561e+00  1.1153e+00
 3.6641e+00  1.1128e+00
 3.6721e+00  1.1103e+00
 3.6801e+00  1.1077e+00
 3.6881e+00  1.1053e+00
 3.6961e+00  1.1028e+00
 3.7041e+00  1.1003e+00
 3.7121e+00  1.0978e+00
 3.7201e+00  1.0954e+00
 3.7281e+00  1.0929e+00
 3.7361e+00  1.0905e+00
 3.7441e+00  1.0881e+00
 3.7521e+00  1.0857e+00
 3.7601e+00  1.0833e+00
 3.7681e+00  1.0809e+00
 3.7761e+00  1.0785e+00
 3.7841e+00  1.0762e+00
 3.7921e+00  1.0738e+00
 3.8000e+00  1.0715e+00
 3.8080e+00  1.0692e+00
 3.8160e+00  1.0668e+00
 3.8240e+00  1.0645e+00
 3.8320e+00  1.0622e+00
 3.8400e+00  1.0599e+00
 3.8480e+00  1.0576e+00
 3.8560e+00  1.0554e+00
 3.8640e+00  1.0531e+00
 3.8720e+00  1.0509e+00
 3.8800e+00  1.0486e+00
 3.8880e+00  1.0464e+00
 3.8960e+00  1.0442e+00
 3.9040e+00  1.0420e+00
 3.9120e+00  1.0397e+00
 3.9200e+00  1.0376e+00
 3.9280e+00  1.0354e+00
 3.9360e+00  1.0332e+00
 3.9440e+00  1.0310e+00
 3.9520e+00  1.0289e+00
 3.9600e+00  1.0267e+00
 3.9680e+00  1.0246e+00
 3.9760e+00  1.0225e+00
 3.9840e+00  1.0203e+00
 3.9920e+00  1.0182e+00
 4.0000e+00  1.0161e+00
