 1.4000e-01  2.0502e-01 -2.0535e-01  7.0861e-01  2.9941e-02  3.1860e-01  4.6198e+00 -1.3247e+00
 1.3860e-01  2.0357e-01 -1.9485e-01  7.0944e-01  2.9023e-02  3.1942e-01  4.6132e+00 -1.3366e+00
 1.3720e-01  2.0212e-01 -1.8437e-01  7.1027e-01  2.8103e-02  3.2023e-01  4.6064e+00 -1.3484e+00
 1.3580e-01  2.0066e-01 -1.7393e-01  7.1110e-01  2.7181e-02  3.2103e-01  4.5996e+00 -1.3603e+00
 1.3440e-01  1.9919e-01 -1.6352e-01  7.1194e-01  2.6257e-02  3.2184e-01  4.5928e+00 -1.3721e+00
 1.3300e-01  1.9772e-01 -1.5314e-01  7.1278e-01  2.5331e-02  3.2265e-01  4.5859e+00 -1.3840e+00
 1.3160e-01  1.9624e-01 -1.4280e-01  7.1362e-01  2.4402e-02  3.2345e-01  4.5789e+00 -1.3958e+00
 1.3020e-01  1.9475e-01 -1.3249e-01  7.1446e-01  2.3472e-02  3.2425e-01  4.5719e+00 -1.4077e+00
 1.2880e-01  1.9326e-01 -1.2222e-01  7.1531e-01  2.2539e-02  3.2505e-01  4.5649e+00 -1.4195e+00
 1.2740e-01  1.9176e-01 -1.1198e-01  7.1617e-01  2.1604e-02  3.2585e-01  4.5578e+00 -1.4313e+00
 1.2600e-01  1.9025e-01 -1.0177e-01  7.1702e-01  2.0667e-02  3.2665e-01  4.5506e+00 -1.4430e+00
 1.2460e-01  1.8874e-01 -9.1606e-02  7.1788e-01  1.9727e-02  3.2744e-01  4.5434e+00 -1.4548e+00
 1.2320e-01  1.8722e-01 -8.1474e-02  7.1874e-01  1.8786e-02  3.2823e-01  4.5361e+00 -1.4665e+00
 1.2180e-01  1.8569e-01 -7.1379e-02  7.1961e-01  1.7842e-02  3.2903e-01  4.5287e+00 -1.4783e+00
 1.2040e-01  1.8415e-01 -6.1321e-02  7.2048e-01  1.6896e-02  3.2982e-01  4.5214e+00 -1.4900e+00
 1.1900e-01  1.8261e-01 -5.1300e-02  7.2135e-01  1.5948e-02  3.3060e-01  4.5139e+00 -1.5016e+00
 1.1760e-01  1.8106e-01 -4.1317e-02  7.2223e-01  1.4998e-02  3.3139e-01  4.5064e+00 -1.5133e+00
 1.1620e-01  1.7950e-01 -3.1374e-02  7.2311e-01  1.4046e-02  3.3218e-01  4.4988e+00 -1.5249e+00
 1.1480e-01  1.7794e-01 -2.1469e-02  7.2399e-01  1.3091e-02  3.3296e-01  4.4912e+00 -1.5365e+00
 1.1340e-01  1.7637e-01 -1.1603e-02  7.2488e-01  1.2134e-02  3.3374e-01  4.4836e+00 -1.5480e+00
 1.1200e-01  1.7479e-01 -1.7777e-03  7.2577e-01  1.1176e-02  3.3452e-01  4.4758e+00 -1.5595e+00
 1.1060e-01  1.7321e-01  8.0073e-03  7.2666e-01  1.0215e-02  3.3530e-01  4.4681e+00 -1.5710e+00
