 2.1900e-01  1.5859e-01  3.9365e-01  7.3487e-01  1.4440e-03  3.4225e-01  9.6176e-01 -8.2433e-01
 2.2179e-01  1.6148e-01  3.8749e-01  7.3325e-01  3.1624e-03  3.4091e-01  9.7241e-01 -8.3028e-01
 2.2459e-01  1.6476e-01  3.8077e-01  7.3141e-01  5.1224e-03  3.3937e-01  9.8483e-01 -8.3709e-01
 2.2738e-01  1.6802e-01  3.7382e-01  7.2958e-01  7.0832e-03  3.3781e-01  9.9757e-01 -8.4392e-01
 2.3017e-01  1.7143e-01  3.6647e-01  7.2766e-01  9.1357e-03  3.3617e-01  1.0112e+00 -8.5107e-01
 2.3297e-01  1.7498e-01  3.5868e-01  7.2566e-01  1.1290e-02  3.3443e-01  1.0260e+00 -8.5858e-01
 2.3576e-01  1.7870e-01  3.5038e-01  7.2356e-01  1.3555e-02  3.3258e-01  1.0419e+00 -8.6646e-01
 2.3855e-01  1.8260e-01  3.4152e-01  7.2136e-01  1.5944e-02  3.3061e-01  1.0591e+00 -8.7472e-01
 2.4134e-01  1.8670e-01  3.3200e-01  7.1903e-01  1.8470e-02  3.2850e-01  1.0779e+00 -8.8337e-01
 2.4414e-01  1.9102e-01  3.2174e-01  7.1659e-01  2.1144e-02  3.2624e-01  1.0983e+00 -8.9242e-01
 2.4693e-01  1.9557e-01  3.1065e-01  7.1400e-01  2.3981e-02  3.2381e-01  1.1207e+00 -9.0183e-01
 2.4972e-01  2.0036e-01  2.9861e-01  7.1127e-01  2.6991e-02  3.2120e-01  1.1452e+00 -9.1154e-01
 2.5252e-01  2.0540e-01  2.8552e-01  7.0839e-01  3.0182e-02  3.1839e-01  1.1721e+00 -9.2146e-01
 2.5531e-01  2.1067e-01  2.7129e-01  7.0537e-01  3.3555e-02  3.1537e-01  1.2014e+00 -9.3143e-01
 2.5810e-01  2.1617e-01  2.5587e-01  7.0221e-01  3.7100e-02  3.1215e-01  1.2331e+00 -9.4121e-01
 2.6090e-01  2.2184e-01  2.3925e-01  6.9893e-01  4.0794e-02  3.0873e-01  1.2672e+00 -9.5052e-01
 2.6369e-01  2.2762e-01  2.2150e-01  6.9559e-01  4.4600e-02  3.0513e-01  1.3033e+00 -9.5902e-01
 2.6648e-01  2.3342e-01  2.0276e-01  6.9221e-01  4.8469e-02  3.0140e-01  1.3410e+00 -9.6636e-01
 2.6928e-01  2.3917e-01  1.8324e-01  6.8885e-01  5.2349e-02  2.9758e-01  1.3795e+00 -9.7227e-01
 2.7207e-01  2.4479e-01  1.6317e-01  6.8554e-01  5.6193e-02  2.9372e-01  1.4184e+00 -9.7657e-01
 2.7486e-01  2.5023e-01  1.4275e-01  6.8233e-01  5.9963e-02  2.8983e-01  1.4569e+00 -9.7918e-01
 2.7766e-01  2.5544e-01  1.2217e-01  6.7923e-01  6.3637e-02  2.8594e-01  1.4948e+00 -9.8014e-01
 2.8045e-01  2.6042e-01  1.0157e-01  6.7625e-01  6.7201e-02  2.8208e-01  1.5316e+00 -9.7953e-01
 2.8324e-01  2.6517e-01  8.1049e-02  6.7340e-01  7.0645e-02  2.7826e-01  1.5672e+00 -9.7751e-01
 2.8603e-01  2.6968e-01  6.0661e-02  6.7066e-01  7.3964e-02  2.7452e-01  1.6016e+00 -9.7421e-01
 2.8883e-01  2.7398e-01  4.0446e-02  6.6805e-01  7.7157e-02  2.7089e-01  1.6346e+00 -9.6978e-01
 2.9162e-01  2.7807e-01  2.0422e-02  6.6555e-01  8.0226e-02  2.6738e-01  1.6664e+00 -9.6437e-01
 2.9441e-01  2.8198e-01  5.9472e-04  6.6315e-01  8.3175e-02  2.6400e-01  1.6969e+00 -9.5810e-01
 2.9721e-01  2.8572e-01 -1.9038e-02  6.6085e-01  8.6010e-02  2.6074e-01  1.7262e+00 -9.5108e-01
