 0.0000e+00  3.4084e-02  6.2399e-01
 4.0000e-02  3.8214e-02  6.1727e-01
 8.0000e-02  4.2456e-02  6.1036e-01
 1.2000e-01  4.6821e-02  6.0327e-01
 1.6000e-01  5.1318e-02  5.9596e-01
 2.0000e-01  5.5962e-02  5.8842e-01
 2.4000e-01  6.0768e-02  5.8062e-01
 2.8000e-01  6.5756e-02  5.7254e-01
 3.2000e-01  7.0947e-02  5.6413e-01
 3.6000e-01  7.6369e-02  5.5536e-01
 4.0000e-01  8.2058e-02  5.4617e-01
 4.4000e-01  8.8060e-02  5.3648e-01
 4.8000e-01  9.4432e-02  5.2620e-01
 5.2000e-01  1.0126e-01  5.1519e-01
 5.6000e-01  1.0866e-01  5.0327e-01
 6.0000e-01  1.1681e-01  4.9014e-01
 6.4000e-01  1.2602e-01  4.7530e-01
 6.8000e-01  1.3689e-01  4.5774e-01
 7.2000e-01  1.5091e-01  4.3493e-01
 7.6000e-01  1.5630e-01  4.1633e-01
 8.0000e-01  1.5630e-01  4.0248e-01
 8.4000e-01  1.5630e-01  3.8864e-01
 8.8000e-01  1.5630e-01  3.7479e-01
 9.2000e-01  1.5630e-01  3.6095e-01
 9.6000e-01  1.5630e-01  3.4710e-01
 1.0000e+00  1.5630e-01  3.3326e-01
 1.0400e+00  1.5630e-01  3.1941e-01
 1.0800e+00  1.5630e-01  3.0557e-01
 1.1200e+00  1.5630e-01  2.9172e-01
 1.1600e+00  1.5630e-01  2.7788e-01
 1.2000e+00  1.5630e-01  2.6403e-01
 1.2400e+00  1.5630e-01  2.5019e-01
 1.2800e+00  1.5630e-01  2.3634e-01
 1.3200e+00  1.5630e-01  2.2250e-01
 1.3600e+00  1.5630e-01  2.0865e-01
 1.4000e+00  1.5630e-01  1.9481e-01
 1.4400e+00  1.5630e-01  1.8096e-01
 1.4800e+00  1.5630e-01  1.6712e-01
 1.5200e+00  1.5630e-01  1.5327e-01
 1.5600e+00  1.5630e-01  1.3943e-01
 1.6000e+00  1.5630e-01  1.2558e-01
 1.6400e+00  1.5630e-01  1.1173e-01
 1.6800e+00  1.5630e-01  9.7889e-02
 1.7200e+00  1.5630e-01  8.4044e-02
 1.7600e+00  1.5630e-01  7.0199e-02
 1.8000e+00  1.5630e-01  5.6353e-02
 1.8400e+00  1.5630e-01  4.2508e-02
 1.8800e+00  1.5630e-01  2.8663e-02
 1.9200e+00  1.5630e-01  1.4818e-02
 1.9600e+00  1.5630e-01  9.7247e-04
 2.0000e+00  1.5630e-01 -1.2873e-02
