 1.0000e-03  3.4610e-05  1.2159e-03  1.2159e+00
 1.0098e-01  3.3797e-03  1.2310e-01  1.2191e+00
 2.0096e-01  6.5103e-03  2.4558e-01  1.2220e+00
 3.0094e-01  9.4451e-03  3.6859e-01  1.2248e+00
 4.0092e-01  1.2201e-02  4.9209e-01  1.2274e+00
 5.0090e-01  1.4793e-02  6.1603e-01  1.2299e+00
 6.0088e-01  1.7234e-02  7.4038e-01  1.2322e+00
 7.0086e-01  1.9537e-02  8.6509e-01  1.2343e+00
 8.0084e-01  2.1712e-02  9.9013e-01  1.2364e+00
 9.0082e-01  2.3770e-02  1.1155e+00  1.2383e+00
 1.0008e+00  2.5719e-02  1.2411e+00  1.2401e+00
 1.1008e+00  2.7568e-02  1.3670e+00  1.2419e+00
 1.2008e+00  2.9323e-02  1.4932e+00  1.2435e+00
 1.3007e+00  3.0992e-02  1.6195e+00  1.2451e+00
 1.4007e+00  3.2581e-02  1.7461e+00  1.2466e+00
 1.5007e+00  3.4094e-02  1.8729e+00  1.2480e+00
 1.6007e+00  3.5538e-02  1.9998e+00  1.2493e+00
 1.7007e+00  3.6916e-02  2.1269e+00  1.2506e+00
 1.8006e+00  3.8234e-02  2.2542e+00  1.2519e+00
 1.9006e+00  3.9494e-02  2.3816e+00  1.2530e+00
 2.0006e+00  4.0700e-02  2.5091e+00  1.2542e+00
 2.1006e+00  4.1856e-02  2.6368e+00  1.2553e+00
 2.2006e+00  4.2965e-02  2.7645e+00  1.2563e+00
 2.3005e+00  4.4029e-02  2.8924e+00  1.2573e+00
 2.4005e+00  4.5052e-02  3.0204e+00  1.2582e+00
 2.5005e+00  4.6035e-02  3.1485e+00  1.2592e+00
 2.6005e+00  4.6980e-02  3.2767e+00  1.2600e+00
 2.7005e+00  4.7890e-02  3.4050e+00  1.2609e+00
 2.8004e+00  4.8767e-02  3.5333e+00  1.2617e+00
 2.9004e+00  4.9613e-02  3.6618e+00  1.2625e+00
 3.0004e+00  5.0428e-02  3.7903e+00  1.2633e+00
 3.1004e+00  5.1215e-02  3.9188e+00  1.2640e+00
 3.2004e+00  5.1975e-02  4.0475e+00  1.2647e+00
 3.3003e+00  5.2710e-02  4.1762e+00  1.2654e+00
 3.4003e+00  5.3420e-02  4.3049e+00  1.2660e+00
 3.5003e+00  5.4107e-02  4.4338e+00  1.2667e+00
 3.6003e+00  5.4772e-02  4.5626e+00  1.2673e+00
 3.7003e+00  5.5416e-02  4.6916e+00  1.2679e+00
 3.8002e+00  5.6040e-02  4.8205e+00  1.2685e+00
 3.9002e+00  5.6644e-02  4.9495e+00  1.2690e+00
 4.0002e+00  5.7231e-02  5.0786e+00  1.2696e+00
 4.1002e+00  5.7800e-02  5.2077e+00  1.2701e+00
 4.2002e+00  5.8352e-02  5.3368e+00  1.2706e+00
 4.3001e+00  5.8888e-02  5.4660e+00  1.2711e+00
 4.4001e+00  5.9409e-02  5.5952e+00  1.2716e+00
 4.5001e+00  5.9915e-02  5.7245e+00  1.2721e+00
 4.6001e+00  6.0408e-02  5.8538e+00  1.2725e+00
 4.7001e+00  6.0886e-02  5.9831e+00  1.2730e+00
 4.8000e+00  6.1352e-02  6.1124e+00  1.2734e+00
 4.9000e+00  6.1805e-02  6.2418e+00  1.2738e+00
 5.0000e+00  6.2247e-02  6.3712e+00  1.2742e+00
 5.0000e+00  6.2247e-02  6.3712e+00  1.2742e+00
 5.3000e+00  6.3504e-02  6.7596e+00  1.2754e+00
 5.6000e+00  6.4669e-02  7.1483e+00  1.2765e+00
 5.9000e+00  6.5752e-02  7.5372e+00  1.2775e+00
 6.2000e+00  6.6761e-02  7.9262e+00  1.2784e+00
 6.5000e+00  6.7702e-02  8.3154e+00  1.2793e+00
 6.8000e+00  6.8584e-02  8.7047e+00  1.2801e+00
 7.1000e+00  6.9411e-02  9.0942e+00  1.2809e+00
 7.4000e+00  7.0188e-02  9.4837e+00  1.2816e+00
 7.7000e+00  7.0919e-02  9.8734e+00  1.2823e+00
 8.0000e+00  7.1609e-02  1.0263e+01  1.2829e+00
 8.3000e+00  7.2261e-02  1.0653e+01  1.2835e+00
 8.6000e+00  7.2878e-02  1.1043e+01  1.2841e+00
 8.9000e+00  7.3462e-02  1.1433e+01  1.2846e+00
 9.2000e+00  7.4017e-02  1.1823e+01  1.2851e+00
 9.5000e+00  7.4544e-02  1.2213e+01  1.2856e+00
 9.8000e+00  7.5045e-02  1.2603e+01  1.2861e+00
 1.0100e+01  7.5522e-02  1.2994e+01  1.2865e+00
 1.0400e+01  7.5977e-02  1.3384e+01  1.2869e+00
 1.0700e+01  7.6412e-02  1.3774e+01  1.2873e+00
 1.1000e+01  7.6827e-02  1.4165e+01  1.2877e+00
 1.1300e+01  7.7225e-02  1.4555e+01  1.2881e+00
 1.1600e+01  7.7605e-02  1.4946e+01  1.2884e+00
 1.1900e+01  7.7970e-02  1.5336e+01  1.2888e+00
 1.2200e+01  7.8320e-02  1.5727e+01  1.2891e+00
 1.2500e+01  7.8656e-02  1.6117e+01  1.2894e+00
 1.2800e+01  7.8978e-02  1.6508e+01  1.2897e+00
 1.3100e+01  7.9288e-02  1.6899e+01  1.2900e+00
 1.3400e+01  7.9587e-02  1.7289e+01  1.2902e+00
 1.3700e+01  7.9875e-02  1.7680e+01  1.2905e+00
 1.4000e+01  8.0152e-02  1.8071e+01  1.2908e+00
 1.4300e+01  8.0419e-02  1.8461e+01  1.2910e+00
 1.4600e+01  8.0677e-02  1.8852e+01  1.2912e+00
 1.4900e+01  8.0926e-02  1.9243e+01  1.2915e+00
 1.5200e+01  8.1166e-02  1.9634e+01  1.2917e+00
 1.5500e+01  8.1399e-02  2.0025e+01  1.2919e+00
 1.5800e+01  8.1623e-02  2.0415e+01  1.2921e+00
 1.6100e+01  8.1841e-02  2.0806e+01  1.2923e+00
 1.6400e+01  8.2052e-02  2.1197e+01  1.2925e+00
 1.6700e+01  8.2256e-02  2.1588e+01  1.2927e+00
 1.7000e+01  8.2454e-02  2.1979e+01  1.2929e+00
 1.7300e+01  8.2646e-02  2.2370e+01  1.2930e+00
 1.7600e+01  8.2832e-02  2.2761e+01  1.2932e+00
 1.7900e+01  8.3012e-02  2.3152e+01  1.2934e+00
 1.8200e+01  8.3188e-02  2.3543e+01  1.2935e+00
 1.8500e+01  8.3358e-02  2.3933e+01  1.2937e+00
 1.8800e+01  8.3524e-02  2.4324e+01  1.2939e+00
 1.9100e+01  8.3685e-02  2.4715e+01  1.2940e+00
 1.9400e+01  8.3842e-02  2.5106e+01  1.2941e+00
 1.9700e+01  8.3994e-02  2.5497e+01  1.2943e+00
 2.0000e+01  8.4142e-02  2.5888e+01  1.2944e+00
