 1.0000e-03  1.0376e-04  1.2160e-03  1.2160e+00
 1.0098e-01  9.5020e-03  1.2369e-01  1.2249e+00
 2.0096e-01  1.7281e-02  2.4762e-01  1.2322e+00
 3.0094e-01  2.3810e-02  3.7267e-01  1.2383e+00
 4.0092e-01  2.9358e-02  4.9856e-01  1.2436e+00
 5.0090e-01  3.4124e-02  6.2513e-01  1.2480e+00
 6.0088e-01  3.8259e-02  7.5224e-01  1.2519e+00
 7.0086e-01  4.1879e-02  8.7977e-01  1.2553e+00
 8.0084e-01  4.5072e-02  1.0077e+00  1.2583e+00
 9.0082e-01  4.7908e-02  1.1359e+00  1.2609e+00
 1.0008e+00  5.0444e-02  1.2643e+00  1.2633e+00
 1.1008e+00  5.2724e-02  1.3929e+00  1.2654e+00
 1.2008e+00  5.4785e-02  1.5217e+00  1.2673e+00
 1.3007e+00  5.6656e-02  1.6507e+00  1.2691e+00
 1.4007e+00  5.8363e-02  1.7798e+00  1.2706e+00
 1.5007e+00  5.9925e-02  1.9090e+00  1.2721e+00
 1.6007e+00  6.1361e-02  2.0383e+00  1.2734e+00
 1.7007e+00  6.2685e-02  2.1677e+00  1.2746e+00
 1.8006e+00  6.3910e-02  2.2972e+00  1.2758e+00
 1.9006e+00  6.5046e-02  2.4268e+00  1.2768e+00
 2.0006e+00  6.6102e-02  2.5564e+00  1.2778e+00
 2.1006e+00  6.7087e-02  2.6861e+00  1.2787e+00
 2.2006e+00  6.8008e-02  2.8158e+00  1.2796e+00
 2.3005e+00  6.8870e-02  2.9455e+00  1.2804e+00
 2.4005e+00  6.9679e-02  3.0753e+00  1.2811e+00
 2.5005e+00  7.0440e-02  3.2052e+00  1.2818e+00
 2.6005e+00  7.1157e-02  3.3351e+00  1.2825e+00
 2.7005e+00  7.1834e-02  3.4650e+00  1.2831e+00
 2.8004e+00  7.2473e-02  3.5949e+00  1.2837e+00
 2.9004e+00  7.3079e-02  3.7249e+00  1.2843e+00
 3.0004e+00  7.3652e-02  3.8549e+00  1.2848e+00
 3.1004e+00  7.4197e-02  3.9849e+00  1.2853e+00
 3.2004e+00  7.4715e-02  4.1149e+00  1.2858e+00
 3.3003e+00  7.5208e-02  4.2449e+00  1.2862e+00
 3.4003e+00  7.5678e-02  4.3750e+00  1.2866e+00
 3.5003e+00  7.6126e-02  4.5051e+00  1.2871e+00
 3.6003e+00  7.6554e-02  4.6352e+00  1.2875e+00
 3.7003e+00  7.6963e-02  4.7653e+00  1.2878e+00
 3.8002e+00  7.7354e-02  4.8954e+00  1.2882e+00
 3.9002e+00  7.7729e-02  5.0256e+00  1.2885e+00
 4.0002e+00  7.8089e-02  5.1557e+00  1.2889e+00
 4.1002e+00  7.8434e-02  5.2859e+00  1.2892e+00
 4.2002e+00  7.8765e-02  5.4160e+00  1.2895e+00
 4.3001e+00  7.9083e-02  5.5462e+00  1.2898e+00
 4.4001e+00  7.9390e-02  5.6764e+00  1.2901e+00
 4.5001e+00  7.9684e-02  5.8066e+00  1.2903e+00
 4.6001e+00  7.9968e-02  5.9368e+00  1.2906e+00
 4.7001e+00  8.0242e-02  6.0670e+00  1.2908e+00
 4.8000e+00  8.0506e-02  6.1973e+00  1.2911e+00
 4.9000e+00  8.0761e-02  6.3275e+00  1.2913e+00
 5.0000e+00  8.1007e-02  6.4577e+00  1.2915e+00
 5.0000e+00  8.1007e-02  6.4577e+00  1.2915e+00
 5.3000e+00  8.1697e-02  6.8485e+00  1.2922e+00
 5.6000e+00  8.2323e-02  7.2394e+00  1.2928e+00
 5.9000e+00  8.2893e-02  7.6303e+00  1.2933e+00
 6.2000e+00  8.3414e-02  8.0213e+00  1.2938e+00
 6.5000e+00  8.3893e-02  8.4122e+00  1.2942e+00
 6.8000e+00  8.4334e-02  8.8032e+00  1.2946e+00
 7.1000e+00  8.4742e-02  9.1943e+00  1.2950e+00
 7.4000e+00  8.5120e-02  9.5853e+00  1.2953e+00
 7.7000e+00  8.5471e-02  9.9764e+00  1.2956e+00
 8.0000e+00  8.5799e-02  1.0367e+01  1.2959e+00
 8.3000e+00  8.6105e-02  1.0759e+01  1.2962e+00
 8.6000e+00  8.6391e-02  1.1150e+01  1.2965e+00
 8.9000e+00  8.6660e-02  1.1541e+01  1.2967e+00
 9.2000e+00  8.6913e-02  1.1932e+01  1.2970e+00
 9.5000e+00  8.7151e-02  1.2323e+01  1.2972e+00
 9.8000e+00  8.7376e-02  1.2714e+01  1.2974e+00
 1.0100e+01  8.7588e-02  1.3105e+01  1.2976e+00
 1.0400e+01  8.7789e-02  1.3497e+01  1.2978e+00
 1.0700e+01  8.7980e-02  1.3888e+01  1.2979e+00
 1.1000e+01  8.8161e-02  1.4279e+01  1.2981e+00
 1.1300e+01  8.8333e-02  1.4670e+01  1.2983e+00
 1.1600e+01  8.8497e-02  1.5061e+01  1.2984e+00
 1.1900e+01  8.8652e-02  1.5453e+01  1.2985e+00
 1.2200e+01  8.8801e-02  1.5844e+01  1.2987e+00
 1.2500e+01  8.8943e-02  1.6235e+01  1.2988e+00
 1.2800e+01  8.9079e-02  1.6626e+01  1.2989e+00
 1.3100e+01  8.9209e-02  1.7018e+01  1.2991e+00
 1.3400e+01  8.9333e-02  1.7409e+01  1.2992e+00
 1.3700e+01  8.9453e-02  1.7800e+01  1.2993e+00
 1.4000e+01  8.9567e-02  1.8191e+01  1.2994e+00
 1.4300e+01  8.9677e-02  1.8583e+01  1.2995e+00
 1.4600e+01  8.9783e-02  1.8974e+01  1.2996e+00
 1.4900e+01  8.9885e-02  1.9365e+01  1.2997e+00
 1.5200e+01  8.9982e-02  1.9756e+01  1.2998e+00
 1.5500e+01  9.0077e-02  2.0148e+01  1.2998e+00
 1.5800e+01  9.0167e-02  2.0539e+01  1.2999e+00
 1.6100e+01  9.0255e-02  2.0930e+01  1.3000e+00
 1.6400e+01  9.0340e-02  2.1321e+01  1.3001e+00
 1.6700e+01  9.0421e-02  2.1713e+01  1.3002e+00
 1.7000e+01  9.0500e-02  2.2104e+01  1.3002e+00
 1.7300e+01  9.0577e-02  2.2495e+01  1.3003e+00
 1.7600e+01  9.0650e-02  2.2887e+01  1.3004e+00
 1.7900e+01  9.0722e-02  2.3278e+01  1.3004e+00
 1.8200e+01  9.0791e-02  2.3669e+01  1.3005e+00
 1.8500e+01  9.0858e-02  2.4060e+01  1.3006e+00
 1.8800e+01  9.0923e-02  2.4452e+01  1.3006e+00
 1.9100e+01  9.0986e-02  2.4843e+01  1.3007e+00
 1.9400e+01  9.1047e-02  2.5234e+01  1.3007e+00
 1.9700e+01  9.1107e-02  2.5626e+01  1.3008e+00
 2.0000e+01  9.1164e-02  2.6017e+01  1.3008e+00
