 1.0000e-03  9.5111e-02  1.3044e-03  1.3044e+00
 1.0098e-01  9.5111e-02  1.3172e-01  1.3044e+00
 2.0096e-01  9.5111e-02  2.6214e-01  1.3044e+00
 3.0094e-01  9.5111e-02  3.9256e-01  1.3044e+00
 4.0092e-01  9.5111e-02  5.2297e-01  1.3044e+00
 5.0090e-01  9.5111e-02  6.5339e-01  1.3044e+00
 6.0088e-01  9.5111e-02  7.8381e-01  1.3044e+00
 7.0086e-01  9.5111e-02  9.1423e-01  1.3044e+00
 8.0084e-01  9.5111e-02  1.0446e+00  1.3044e+00
 9.0082e-01  9.5111e-02  1.1751e+00  1.3044e+00
 1.0008e+00  9.5111e-02  1.3055e+00  1.3044e+00
 1.1008e+00  9.5111e-02  1.4359e+00  1.3044e+00
 1.2008e+00  9.5111e-02  1.5663e+00  1.3044e+00
 1.3007e+00  9.5111e-02  1.6967e+00  1.3044e+00
 1.4007e+00  9.5111e-02  1.8271e+00  1.3044e+00
 1.5007e+00  9.5111e-02  1.9576e+00  1.3044e+00
 1.6007e+00  9.5111e-02  2.0880e+00  1.3044e+00
 1.7007e+00  9.5111e-02  2.2184e+00  1.3044e+00
 1.8006e+00  9.5111e-02  2.3488e+00  1.3044e+00
 1.9006e+00  9.5111e-02  2.4792e+00  1.3044e+00
 2.0006e+00  9.5111e-02  2.6097e+00  1.3044e+00
 2.1006e+00  9.5111e-02  2.7401e+00  1.3044e+00
 2.2006e+00  9.5111e-02  2.8705e+00  1.3044e+00
 2.3005e+00  9.5111e-02  3.0009e+00  1.3044e+00
 2.4005e+00  9.5111e-02  3.1313e+00  1.3044e+00
 2.5005e+00  9.5111e-02  3.2617e+00  1.3044e+00
 2.6005e+00  9.5111e-02  3.3922e+00  1.3044e+00
 2.7005e+00  9.5111e-02  3.5226e+00  1.3044e+00
 2.8004e+00  9.5111e-02  3.6530e+00  1.3044e+00
 2.9004e+00  9.5111e-02  3.7834e+00  1.3044e+00
 3.0004e+00  9.5111e-02  3.9138e+00  1.3044e+00
 3.1004e+00  9.5111e-02  4.0442e+00  1.3044e+00
 3.2004e+00  9.5111e-02  4.1747e+00  1.3044e+00
 3.3003e+00  9.5111e-02  4.3051e+00  1.3044e+00
 3.4003e+00  9.5111e-02  4.4355e+00  1.3044e+00
 3.5003e+00  9.5111e-02  4.5659e+00  1.3044e+00
 3.6003e+00  9.5111e-02  4.6963e+00  1.3044e+00
 3.7003e+00  9.5111e-02  4.8267e+00  1.3044e+00
 3.8002e+00  9.5111e-02  4.9572e+00  1.3044e+00
 3.9002e+00  9.5111e-02  5.0876e+00  1.3044e+00
 4.0002e+00  9.5111e-02  5.2180e+00  1.3044e+00
 4.1002e+00  9.5111e-02  5.3484e+00  1.3044e+00
 4.2002e+00  9.5111e-02  5.4788e+00  1.3044e+00
 4.3001e+00  9.5111e-02  5.6093e+00  1.3044e+00
 4.4001e+00  9.5111e-02  5.7397e+00  1.3044e+00
 4.5001e+00  9.5111e-02  5.8701e+00  1.3044e+00
 4.6001e+00  9.5111e-02  6.0005e+00  1.3044e+00
 4.7001e+00  9.5111e-02  6.1309e+00  1.3044e+00
 4.8000e+00  9.5111e-02  6.2613e+00  1.3044e+00
 4.9000e+00  9.5111e-02  6.3918e+00  1.3044e+00
 5.0000e+00  9.5111e-02  6.5222e+00  1.3044e+00
 5.0000e+00  9.5111e-02  6.5222e+00  1.3044e+00
 5.3000e+00  9.5111e-02  6.9135e+00  1.3044e+00
 5.6000e+00  9.5111e-02  7.3048e+00  1.3044e+00
 5.9000e+00  9.5111e-02  7.6962e+00  1.3044e+00
 6.2000e+00  9.5111e-02  8.0875e+00  1.3044e+00
 6.5000e+00  9.5111e-02  8.4788e+00  1.3044e+00
 6.8000e+00  9.5111e-02  8.8702e+00  1.3044e+00
 7.1000e+00  9.5111e-02  9.2615e+00  1.3044e+00
 7.4000e+00  9.5111e-02  9.6528e+00  1.3044e+00
 7.7000e+00  9.5111e-02  1.0044e+01  1.3044e+00
 8.0000e+00  9.5111e-02  1.0435e+01  1.3044e+00
 8.3000e+00  9.5111e-02  1.0827e+01  1.3044e+00
 8.6000e+00  9.5111e-02  1.1218e+01  1.3044e+00
 8.9000e+00  9.5111e-02  1.1609e+01  1.3044e+00
 9.2000e+00  9.5111e-02  1.2001e+01  1.3044e+00
 9.5000e+00  9.5111e-02  1.2392e+01  1.3044e+00
 9.8000e+00  9.5111e-02  1.2783e+01  1.3044e+00
 1.0100e+01  9.5111e-02  1.3175e+01  1.3044e+00
 1.0400e+01  9.5111e-02  1.3566e+01  1.3044e+00
 1.0700e+01  9.5111e-02  1.3957e+01  1.3044e+00
 1.1000e+01  9.5111e-02  1.4349e+01  1.3044e+00
 1.1300e+01  9.5111e-02  1.4740e+01  1.3044e+00
 1.1600e+01  9.5111e-02  1.5131e+01  1.3044e+00
 1.1900e+01  9.5111e-02  1.5523e+01  1.3044e+00
 1.2200e+01  9.5111e-02  1.5914e+01  1.3044e+00
 1.2500e+01  9.5111e-02  1.6305e+01  1.3044e+00
 1.2800e+01  9.5111e-02  1.6697e+01  1.3044e+00
 1.3100e+01  9.5111e-02  1.7088e+01  1.3044e+00
 1.3400e+01  9.5111e-02  1.7479e+01  1.3044e+00
 1.3700e+01  9.5111e-02  1.7871e+01  1.3044e+00
 1.4000e+01  9.5111e-02  1.8262e+01  1.3044e+00
 1.4300e+01  9.5111e-02  1.8653e+01  1.3044e+00
 1.4600e+01  9.5111e-02  1.9045e+01  1.3044e+00
 1.4900e+01  9.5111e-02  1.9436e+01  1.3044e+00
 1.5200e+01  9.5111e-02  1.9827e+01  1.3044e+00
 1.5500e+01  9.5111e-02  2.0219e+01  1.3044e+00
 1.5800e+01  9.5111e-02  2.0610e+01  1.3044e+00
 1.6100e+01  9.5111e-02  2.1001e+01  1.3044e+00
 1.6400e+01  9.5111e-02  2.1393e+01  1.3044e+00
 1.6700e+01  9.5111e-02  2.1784e+01  1.3044e+00
 1.7000e+01  9.5111e-02  2.2175e+01  1.3044e+00
 1.7300e+01  9.5111e-02  2.2567e+01  1.3044e+00
 1.7600e+01  9.5111e-02  2.2958e+01  1.3044e+00
 1.7900e+01  9.5111e-02  2.3349e+01  1.3044e+00
 1.8200e+01  9.5111e-02  2.3741e+01  1.3044e+00
 1.8500e+01  9.5111e-02  2.4132e+01  1.3044e+00
 1.8800e+01  9.5111e-02  2.4523e+01  1.3044e+00
 1.9100e+01  9.5111e-02  2.4915e+01  1.3044e+00
 1.9400e+01  9.5111e-02  2.5306e+01  1.3044e+00
 1.9700e+01  9.5111e-02  2.5697e+01  1.3044e+00
 2.0000e+01  9.5111e-02  2.6089e+01  1.3044e+00
