 0.0000e+00  3.4084e-02  6.2399e-01  3.0411e+00  2.1625e-01
 4.0000e-03  3.2981e-02  6.0831e-01  3.0413e+00  2.1295e-01
 8.0000e-03  3.1875e-02  5.9264e-01  3.0416e+00  2.0964e-01
 1.2000e-02  3.0767e-02  5.7700e-01  3.0418e+00  2.0632e-01
 1.6000e-02  2.9657e-02  5.6138e-01  3.0420e+00  2.0300e-01
 2.0000e-02  2.8545e-02  5.4578e-01  3.0423e+00  1.9966e-01
 2.4000e-02  2.7431e-02  5.3020e-01  3.0425e+00  1.9632e-01
 2.8000e-02  2.6314e-02  5.1464e-01  3.0428e+00  1.9298e-01
 3.2000e-02  2.5196e-02  4.9911e-01  3.0430e+00  1.8962e-01
 3.6000e-02  2.4076e-02  4.8360e-01  3.0433e+00  1.8626e-01
 4.0000e-02  2.2954e-02  4.6811e-01  3.0435e+00  1.8289e-01
 4.4000e-02  2.1830e-02  4.5264e-01  3.0438e+00  1.7952e-01
 4.8000e-02  2.0705e-02  4.3720e-01  3.0440e+00  1.7614e-01
 5.2000e-02  1.9577e-02  4.2178e-01  3.0443e+00  1.7275e-01
 5.6000e-02  1.8448e-02  4.0638e-01  3.0446e+00  1.6936e-01
 6.0000e-02  1.7317e-02  3.9100e-01  3.0448e+00  1.6596e-01
 6.4000e-02  1.6185e-02  3.7565e-01  3.0451e+00  1.6255e-01
 6.8000e-02  1.5051e-02  3.6032e-01  3.0453e+00  1.5914e-01
 7.2000e-02  1.3915e-02  3.4501e-01  3.0456e+00  1.5573e-01
 7.6000e-02  1.2778e-02  3.2973e-01  3.0458e+00  1.5230e-01
 8.0000e-02  1.1640e-02  3.1447e-01  3.0461e+00  1.4888e-01
 8.4000e-02  1.0500e-02  2.9923e-01  3.0463e+00  1.4544e-01
 8.8000e-02  9.3590e-03  2.8401e-01  3.0466e+00  1.4201e-01
 9.2000e-02  8.2166e-03  2.6882e-01  3.0469e+00  1.3856e-01
 9.6000e-02  7.0730e-03  2.5366e-01  3.0471e+00  1.3511e-01
 1.0000e-01  5.9282e-03  2.3851e-01  3.0474e+00  1.3166e-01
 1.0400e-01  4.7823e-03  2.2339e-01  3.0476e+00  1.2821e-01
 1.0800e-01  3.6353e-03  2.0829e-01  3.0479e+00  1.2474e-01
 1.1200e-01  2.4873e-03  1.9322e-01  3.0482e+00  1.2128e-01
 1.1600e-01  1.3383e-03  1.7817e-01  3.0484e+00  1.1781e-01
 1.2000e-01  1.8845e-04  1.6315e-01  3.0487e+00  1.1434e-01
 1.2400e-01 -9.6227e-04  1.4815e-01  3.0489e+00  1.1086e-01
 1.2800e-01 -2.1138e-03  1.3317e-01  3.0492e+00  1.0738e-01
 1.3200e-01 -3.2660e-03  1.1821e-01  3.0495e+00  1.0389e-01
 1.3600e-01 -4.4190e-03  1.0328e-01  3.0497e+00  1.0041e-01
 1.4000e-01 -5.5726e-03  8.8379e-02  3.0500e+00  9.6916e-02
 1.4400e-01 -6.7267e-03  7.3497e-02  3.0502e+00  9.3423e-02
 1.4800e-01 -7.8814e-03  5.8640e-02  3.0505e+00  8.9927e-02
 1.5200e-01 -9.0365e-03  4.3807e-02  3.0508e+00  8.6429e-02
 1.5600e-01 -1.0192e-02  2.8997e-02  3.0510e+00  8.2928e-02
 1.6000e-01 -1.1348e-02  1.4213e-02  3.0513e+00  7.9425e-02
 1.6400e-01 -1.2504e-02 -5.4816e-04  3.0516e+00  7.5920e-02
