 1.0000e-03  1.0376e-04  1.2160e-03  1.2160e+00
 1.0099e-01  9.5028e-03  1.2370e-01  1.2249e+00
 2.0098e-01  1.7283e-02  2.4765e-01  1.2322e+00
 3.0097e-01  2.3812e-02  3.7270e-01  1.2383e+00
 4.0096e-01  2.9360e-02  4.9861e-01  1.2436e+00
 5.0095e-01  3.4126e-02  6.2520e-01  1.2480e+00
 6.0094e-01  3.8262e-02  7.5231e-01  1.2519e+00
 7.0093e-01  4.1881e-02  8.7986e-01  1.2553e+00
 8.0092e-01  4.5074e-02  1.0078e+00  1.2583e+00
 9.0091e-01  4.7911e-02  1.1360e+00  1.2609e+00
 1.0009e+00  5.0447e-02  1.2644e+00  1.2633e+00
 1.1009e+00  5.2727e-02  1.3931e+00  1.2654e+00
 1.2009e+00  5.4787e-02  1.5219e+00  1.2673e+00
 1.3009e+00  5.6658e-02  1.6509e+00  1.2691e+00
 1.4009e+00  5.8365e-02  1.7800e+00  1.2706e+00
 1.5009e+00  5.9928e-02  1.9092e+00  1.2721e+00
 1.6008e+00  6.1363e-02  2.0385e+00  1.2734e+00
 1.7008e+00  6.2687e-02  2.1680e+00  1.2746e+00
 1.8008e+00  6.3912e-02  2.2975e+00  1.2758e+00
 1.9008e+00  6.5048e-02  2.4270e+00  1.2768e+00
 2.0008e+00  6.6104e-02  2.5566e+00  1.2778e+00
 2.1008e+00  6.7089e-02  2.6863e+00  1.2787e+00
 2.2008e+00  6.8010e-02  2.8161e+00  1.2796e+00
 2.3008e+00  6.8872e-02  2.9458e+00  1.2804e+00
 2.4008e+00  6.9681e-02  3.0757e+00  1.2811e+00
 2.5008e+00  7.0442e-02  3.2055e+00  1.2818e+00
 2.6007e+00  7.1159e-02  3.3354e+00  1.2825e+00
 2.7007e+00  7.1835e-02  3.4653e+00  1.2831e+00
 2.8007e+00  7.2475e-02  3.5953e+00  1.2837e+00
 2.9007e+00  7.3080e-02  3.7252e+00  1.2843e+00
 3.0007e+00  7.3654e-02  3.8552e+00  1.2848e+00
 3.1007e+00  7.4199e-02  3.9853e+00  1.2853e+00
 3.2007e+00  7.4717e-02  4.1153e+00  1.2858e+00
 3.3007e+00  7.5210e-02  4.2454e+00  1.2862e+00
 3.4007e+00  7.5679e-02  4.3754e+00  1.2866e+00
 3.5007e+00  7.6127e-02  4.5055e+00  1.2871e+00
 3.6006e+00  7.6555e-02  4.6357e+00  1.2875e+00
 3.7006e+00  7.6964e-02  4.7658e+00  1.2878e+00
 3.8006e+00  7.7356e-02  4.8959e+00  1.2882e+00
 3.9006e+00  7.7731e-02  5.0261e+00  1.2885e+00
 4.0006e+00  7.8090e-02  5.1562e+00  1.2889e+00
 4.1006e+00  7.8435e-02  5.2864e+00  1.2892e+00
 4.2006e+00  7.8766e-02  5.4166e+00  1.2895e+00
 4.3006e+00  7.9085e-02  5.5468e+00  1.2898e+00
 4.4006e+00  7.9391e-02  5.6770e+00  1.2901e+00
 4.5006e+00  7.9686e-02  5.8072e+00  1.2903e+00
 4.6005e+00  7.9970e-02  5.9374e+00  1.2906e+00
 4.7005e+00  8.0243e-02  6.0676e+00  1.2908e+00
 4.8005e+00  8.0507e-02  6.1979e+00  1.2911e+00
 4.9005e+00  8.0762e-02  6.3281e+00  1.2913e+00
 5.0005e+00  8.1008e-02  6.4584e+00  1.2915e+00
 5.1005e+00  8.1246e-02  6.5886e+00  1.2918e+00
 5.2005e+00  8.1475e-02  6.7189e+00  1.2920e+00
 5.3005e+00  8.1698e-02  6.8492e+00  1.2922e+00
 5.4005e+00  8.1913e-02  6.9794e+00  1.2924e+00
 5.5005e+00  8.2121e-02  7.1097e+00  1.2926e+00
 5.6004e+00  8.2323e-02  7.2400e+00  1.2928e+00
 5.7004e+00  8.2519e-02  7.3703e+00  1.2929e+00
 5.8004e+00  8.2709e-02  7.5006e+00  1.2931e+00
 5.9004e+00  8.2893e-02  7.6309e+00  1.2933e+00
 6.0004e+00  8.3072e-02  7.7612e+00  1.2934e+00
 6.1004e+00  8.3246e-02  7.8915e+00  1.2936e+00
 6.2004e+00  8.3415e-02  8.0218e+00  1.2938e+00
 6.3004e+00  8.3579e-02  8.1521e+00  1.2939e+00
 6.4004e+00  8.3738e-02  8.2824e+00  1.2940e+00
 6.5004e+00  8.3893e-02  8.4127e+00  1.2942e+00
 6.6003e+00  8.4044e-02  8.5430e+00  1.2943e+00
 6.7003e+00  8.4191e-02  8.6733e+00  1.2945e+00
 6.8003e+00  8.4334e-02  8.8037e+00  1.2946e+00
 6.9003e+00  8.4474e-02  8.9340e+00  1.2947e+00
 7.0003e+00  8.4610e-02  9.0643e+00  1.2948e+00
 7.1003e+00  8.4742e-02  9.1947e+00  1.2950e+00
 7.2003e+00  8.4871e-02  9.3250e+00  1.2951e+00
 7.3003e+00  8.4997e-02  9.4553e+00  1.2952e+00
 7.4003e+00  8.5120e-02  9.5857e+00  1.2953e+00
 7.5003e+00  8.5240e-02  9.7160e+00  1.2954e+00
 7.6002e+00  8.5357e-02  9.8464e+00  1.2955e+00
 7.7002e+00  8.5471e-02  9.9767e+00  1.2956e+00
 7.8002e+00  8.5583e-02  1.0107e+01  1.2957e+00
 7.9002e+00  8.5692e-02  1.0237e+01  1.2958e+00
 8.0002e+00  8.5799e-02  1.0368e+01  1.2959e+00
 8.1002e+00  8.5903e-02  1.0498e+01  1.2960e+00
 8.2002e+00  8.6005e-02  1.0628e+01  1.2961e+00
 8.3002e+00  8.6105e-02  1.0759e+01  1.2962e+00
 8.4002e+00  8.6203e-02  1.0889e+01  1.2963e+00
 8.5001e+00  8.6298e-02  1.1020e+01  1.2964e+00
 8.6001e+00  8.6392e-02  1.1150e+01  1.2965e+00
 8.7001e+00  8.6483e-02  1.1280e+01  1.2966e+00
 8.8001e+00  8.6573e-02  1.1411e+01  1.2966e+00
 8.9001e+00  8.6660e-02  1.1541e+01  1.2967e+00
 9.0001e+00  8.6746e-02  1.1671e+01  1.2968e+00
 9.1001e+00  8.6831e-02  1.1802e+01  1.2969e+00
 9.2001e+00  8.6913e-02  1.1932e+01  1.2970e+00
 9.3001e+00  8.6994e-02  1.2062e+01  1.2970e+00
 9.4001e+00  8.7074e-02  1.2193e+01  1.2971e+00
 9.5000e+00  8.7151e-02  1.2323e+01  1.2972e+00
 9.6000e+00  8.7228e-02  1.2454e+01  1.2972e+00
 9.7000e+00  8.7303e-02  1.2584e+01  1.2973e+00
 9.8000e+00  8.7376e-02  1.2714e+01  1.2974e+00
 9.9000e+00  8.7448e-02  1.2845e+01  1.2974e+00
 1.0000e+01  8.7519e-02  1.2975e+01  1.2975e+00
