 1.0000e-03  5.1906e-05  1.2159e-03  1.2159e+00
 1.0099e-01  4.9867e-03  1.2327e-01  1.2206e+00
 2.0098e-01  9.4602e-03  2.4617e-01  1.2248e+00
 3.0097e-01  1.3531e-02  3.6979e-01  1.2287e+00
 4.0096e-01  1.7247e-02  4.9405e-01  1.2322e+00
 5.0095e-01  2.0652e-02  6.1886e-01  1.2354e+00
 6.0094e-01  2.3782e-02  7.4415e-01  1.2383e+00
 7.0093e-01  2.6667e-02  8.6987e-01  1.2410e+00
 8.0092e-01  2.9334e-02  9.9597e-01  1.2435e+00
 9.0091e-01  3.1806e-02  1.1224e+00  1.2458e+00
 1.0009e+00  3.4104e-02  1.2491e+00  1.2480e+00
 1.1009e+00  3.6244e-02  1.3761e+00  1.2500e+00
 1.2009e+00  3.8242e-02  1.5034e+00  1.2519e+00
 1.3009e+00  4.0112e-02  1.6308e+00  1.2536e+00
 1.4009e+00  4.1864e-02  1.7585e+00  1.2553e+00
 1.5009e+00  4.3510e-02  1.8863e+00  1.2568e+00
 1.6008e+00  4.5059e-02  2.0143e+00  1.2582e+00
 1.7008e+00  4.6519e-02  2.1424e+00  1.2596e+00
 1.8008e+00  4.7897e-02  2.2706e+00  1.2609e+00
 1.9008e+00  4.9201e-02  2.3990e+00  1.2621e+00
 2.0008e+00  5.0435e-02  2.5275e+00  1.2633e+00
 2.1008e+00  5.1605e-02  2.6561e+00  1.2644e+00
 2.2008e+00  5.2716e-02  2.7848e+00  1.2654e+00
 2.3008e+00  5.3772e-02  2.9136e+00  1.2664e+00
 2.4008e+00  5.4777e-02  3.0425e+00  1.2673e+00
 2.5008e+00  5.5736e-02  3.1714e+00  1.2682e+00
 2.6007e+00  5.6650e-02  3.3005e+00  1.2690e+00
 2.7007e+00  5.7522e-02  3.4295e+00  1.2699e+00
 2.8007e+00  5.8357e-02  3.5587e+00  1.2706e+00
 2.9007e+00  5.9155e-02  3.6879e+00  1.2714e+00
 3.0007e+00  5.9920e-02  3.8171e+00  1.2721e+00
 3.1007e+00  6.0653e-02  3.9464e+00  1.2728e+00
 3.2007e+00  6.1357e-02  4.0758e+00  1.2734e+00
 3.3007e+00  6.2032e-02  4.2052e+00  1.2740e+00
 3.4007e+00  6.2681e-02  4.3346e+00  1.2746e+00
 3.5007e+00  6.3305e-02  4.4641e+00  1.2752e+00
 3.6006e+00  6.3906e-02  4.5936e+00  1.2758e+00
 3.7006e+00  6.4485e-02  4.7232e+00  1.2763e+00
 3.8006e+00  6.5042e-02  4.8527e+00  1.2768e+00
 3.9006e+00  6.5580e-02  4.9823e+00  1.2773e+00
 4.0006e+00  6.6099e-02  5.1120e+00  1.2778e+00
 4.1006e+00  6.6600e-02  5.2417e+00  1.2783e+00
 4.2006e+00  6.7084e-02  5.3714e+00  1.2787e+00
 4.3006e+00  6.7552e-02  5.5011e+00  1.2791e+00
 4.4006e+00  6.8005e-02  5.6308e+00  1.2796e+00
 4.5006e+00  6.8443e-02  5.7606e+00  1.2800e+00
 4.6005e+00  6.8868e-02  5.8904e+00  1.2804e+00
 4.7005e+00  6.9279e-02  6.0202e+00  1.2807e+00
 4.8005e+00  6.9677e-02  6.1500e+00  1.2811e+00
 4.9005e+00  7.0064e-02  6.2799e+00  1.2815e+00
 5.0005e+00  7.0438e-02  6.4097e+00  1.2818e+00
 5.1005e+00  7.0802e-02  6.5396e+00  1.2822e+00
 5.2005e+00  7.1155e-02  6.6695e+00  1.2825e+00
 5.3005e+00  7.1499e-02  6.7994e+00  1.2828e+00
 5.4005e+00  7.1832e-02  6.9293e+00  1.2831e+00
 5.5005e+00  7.2156e-02  7.0593e+00  1.2834e+00
 5.6004e+00  7.2472e-02  7.1892e+00  1.2837e+00
 5.7004e+00  7.2779e-02  7.3192e+00  1.2840e+00
 5.8004e+00  7.3077e-02  7.4492e+00  1.2843e+00
 5.9004e+00  7.3368e-02  7.5792e+00  1.2845e+00
 6.0004e+00  7.3651e-02  7.7092e+00  1.2848e+00
 6.1004e+00  7.3927e-02  7.8392e+00  1.2850e+00
 6.2004e+00  7.4196e-02  7.9692e+00  1.2853e+00
 6.3004e+00  7.4459e-02  8.0993e+00  1.2855e+00
 6.4004e+00  7.4714e-02  8.2293e+00  1.2858e+00
 6.5004e+00  7.4964e-02  8.3594e+00  1.2860e+00
 6.6003e+00  7.5207e-02  8.4894e+00  1.2862e+00
 6.7003e+00  7.5445e-02  8.6195e+00  1.2864e+00
 6.8003e+00  7.5677e-02  8.7496e+00  1.2866e+00
 6.9003e+00  7.5904e-02  8.8797e+00  1.2869e+00
 7.0003e+00  7.6125e-02  9.0098e+00  1.2871e+00
 7.1003e+00  7.6342e-02  9.1399e+00  1.2873e+00
 7.2003e+00  7.6553e-02  9.2700e+00  1.2875e+00
 7.3003e+00  7.6760e-02  9.4001e+00  1.2876e+00
 7.4003e+00  7.6962e-02  9.5303e+00  1.2878e+00
 7.5003e+00  7.7160e-02  9.6604e+00  1.2880e+00
 7.6002e+00  7.7354e-02  9.7905e+00  1.2882e+00
 7.7002e+00  7.7543e-02  9.9207e+00  1.2884e+00
 7.8002e+00  7.7729e-02  1.0051e+01  1.2885e+00
 7.9002e+00  7.7911e-02  1.0181e+01  1.2887e+00
 8.0002e+00  7.8089e-02  1.0311e+01  1.2889e+00
 8.1002e+00  7.8263e-02  1.0441e+01  1.2890e+00
 8.2002e+00  7.8433e-02  1.0572e+01  1.2892e+00
 8.3002e+00  7.8601e-02  1.0702e+01  1.2893e+00
 8.4002e+00  7.8765e-02  1.0832e+01  1.2895e+00
 8.5001e+00  7.8926e-02  1.0962e+01  1.2896e+00
 8.6001e+00  7.9083e-02  1.1092e+01  1.2898e+00
 8.7001e+00  7.9238e-02  1.1222e+01  1.2899e+00
 8.8001e+00  7.9389e-02  1.1353e+01  1.2901e+00
 8.9001e+00  7.9538e-02  1.1483e+01  1.2902e+00
 9.0001e+00  7.9684e-02  1.1613e+01  1.2903e+00
 9.1001e+00  7.9828e-02  1.1743e+01  1.2905e+00
 9.2001e+00  7.9968e-02  1.1874e+01  1.2906e+00
 9.3001e+00  8.0106e-02  1.2004e+01  1.2907e+00
 9.4001e+00  8.0242e-02  1.2134e+01  1.2908e+00
 9.5000e+00  8.0375e-02  1.2264e+01  1.2910e+00
 9.6000e+00  8.0506e-02  1.2394e+01  1.2911e+00
 9.7000e+00  8.0634e-02  1.2525e+01  1.2912e+00
 9.8000e+00  8.0761e-02  1.2655e+01  1.2913e+00
 9.9000e+00  8.0885e-02  1.2785e+01  1.2914e+00
 1.0000e+01  8.1007e-02  1.2915e+01  1.2915e+00
