 1.5000e-01  1.3033e+01  1.6845e-01 -4.3287e-11 -6.4408e-03  1.7897e+01  1.7751e+01  1.7744e+01
 1.4998e-01  1.3035e+01  1.6825e-01  5.2538e-11 -6.3240e-03  1.7896e+01  1.7754e+01  1.7747e+01
 1.4996e-01  1.3037e+01  1.6806e-01  5.8850e-11 -6.2046e-03  1.7896e+01  1.7756e+01  1.7750e+01
 1.4994e-01  1.3039e+01  1.6785e-01  6.6208e-11 -6.0825e-03  1.7896e+01  1.7758e+01  1.7752e+01
 1.4992e-01  1.3040e+01  1.6764e-01  7.5015e-11 -5.9573e-03  1.7895e+01  1.7761e+01  1.7755e+01
 1.4991e-01  1.3042e+01  1.6743e-01  8.5565e-11 -5.8289e-03  1.7895e+01  1.7763e+01  1.7758e+01
 1.4989e-01  1.3044e+01  1.6721e-01  9.8174e-11 -5.6970e-03  1.7894e+01  1.7765e+01  1.7760e+01
 1.4987e-01  1.3045e+01  1.6699e-01  8.7040e-12 -5.5612e-03  1.7893e+01  1.7768e+01  1.7763e+01
 1.4985e-01  1.3047e+01  1.6675e-01  1.0584e-11 -5.4213e-03  1.7893e+01  1.7770e+01  1.7766e+01
 1.4983e-01  1.3049e+01  1.6651e-01  1.3075e-11 -5.2766e-03  1.7892e+01  1.7773e+01  1.7769e+01
 1.4981e-01  1.3051e+01  1.6626e-01  1.6351e-11 -5.1267e-03  1.7891e+01  1.7775e+01  1.7771e+01
 1.4979e-01  1.3052e+01  1.6601e-01  2.0771e-11 -4.9711e-03  1.7889e+01  1.7777e+01  1.7774e+01
 1.4977e-01  1.3054e+01  1.6574e-01  2.6907e-11 -4.8087e-03  1.7888e+01  1.7780e+01  1.7777e+01
 1.4975e-01  1.3056e+01  1.6545e-01  3.5692e-11 -4.6389e-03  1.7887e+01  1.7782e+01  1.7779e+01
 1.4973e-01  1.3058e+01  1.6516e-01  4.8710e-11 -4.4601e-03  1.7885e+01  1.7784e+01  1.7782e+01
 1.4971e-01  1.3059e+01  1.6484e-01  6.8966e-11 -4.2710e-03  1.7883e+01  1.7787e+01  1.7785e+01
 1.4970e-01  1.3061e+01  1.6450e-01  1.3055e-11 -4.0693e-03  1.7881e+01  1.7789e+01  1.7787e+01
 1.4968e-01  1.3063e+01  1.6414e-01  2.2537e-11 -3.8519e-03  1.7878e+01  1.7791e+01  1.7790e+01
 1.4966e-01  1.3064e+01  1.6375e-01  4.2880e-11 -3.6145e-03  1.7875e+01  1.7794e+01  1.7793e+01
 1.4964e-01  1.3066e+01  1.6330e-01  9.3747e-11 -3.3497e-03  1.7872e+01  1.7796e+01  1.7796e+01
 1.4962e-01  1.3068e+01  1.6279e-01  5.5052e-11 -3.0448e-03  1.7867e+01  1.7798e+01  1.7798e+01
