 2.0000e-01  9.6000e+00  9.3760e-02  4.5226e-11  3.6658e-02  1.2478e+01  1.3075e+01  1.2284e+01
 1.9950e-01  9.6261e+00  9.3994e-02  6.5182e-11  3.6528e-02  1.2514e+01  1.3111e+01  1.2327e+01
 1.9900e-01  9.6523e+00  9.4231e-02  6.7891e-11  3.6397e-02  1.2550e+01  1.3146e+01  1.2370e+01
 1.9850e-01  9.6786e+00  9.4470e-02  7.0737e-11  3.6265e-02  1.2586e+01  1.3182e+01  1.2413e+01
 1.9800e-01  9.7050e+00  9.4710e-02  7.3694e-11  3.6131e-02  1.2623e+01  1.3218e+01  1.2456e+01
 1.9750e-01  9.7316e+00  9.4953e-02  7.6883e-11  3.5997e-02  1.2659e+01  1.3254e+01  1.2499e+01
 1.9700e-01  9.7583e+00  9.5197e-02  8.0099e-11  3.5861e-02  1.2696e+01  1.3291e+01  1.2542e+01
 1.9650e-01  9.7851e+00  9.5444e-02  8.3364e-11  3.5724e-02  1.2734e+01  1.3327e+01  1.2586e+01
 1.9600e-01  9.8121e+00  9.5693e-02  8.7473e-11  3.5586e-02  1.2771e+01  1.3364e+01  1.2630e+01
 1.9550e-01  9.8392e+00  9.5944e-02  9.0861e-11  3.5446e-02  1.2808e+01  1.3401e+01  1.2674e+01
 1.9500e-01  9.8664e+00  9.6197e-02  9.4817e-11  3.5306e-02  1.2846e+01  1.3438e+01  1.2718e+01
 1.9450e-01  9.8938e+00  9.6453e-02  9.8941e-11  3.5164e-02  1.2884e+01  1.3475e+01  1.2762e+01
 1.9400e-01  9.9213e+00  9.6711e-02  2.3924e-13  3.5021e-02  1.2922e+01  1.3513e+01  1.2807e+01
 1.9350e-01  9.9489e+00  9.6971e-02  2.3967e-13  3.4876e-02  1.2961e+01  1.3550e+01  1.2852e+01
 1.9300e-01  9.9767e+00  9.7233e-02  2.7523e-13  3.4730e-02  1.2999e+01  1.3588e+01  1.2897e+01
 1.9250e-01  1.0005e+01  9.7498e-02  2.8940e-13  3.4583e-02  1.3038e+01  1.3626e+01  1.2942e+01
 1.9200e-01  1.0033e+01  9.7765e-02  3.0860e-13  3.4434e-02  1.3077e+01  1.3664e+01  1.2987e+01
 1.9150e-01  1.0061e+01  9.8035e-02  3.3232e-13  3.4284e-02  1.3117e+01  1.3703e+01  1.3033e+01
 1.9100e-01  1.0089e+01  9.8307e-02  3.3317e-13  3.4132e-02  1.3156e+01  1.3741e+01  1.3079e+01
 1.9050e-01  1.0118e+01  9.8582e-02  3.7765e-13  3.3979e-02  1.3196e+01  1.3780e+01  1.3125e+01
 1.9000e-01  1.0146e+01  9.8860e-02  4.1185e-13  3.3825e-02  1.3236e+01  1.3819e+01  1.3171e+01
 1.8950e-01  1.0175e+01  9.9140e-02  4.1733e-13  3.3668e-02  1.3276e+01  1.3858e+01  1.3218e+01
 1.8900e-01  1.0204e+01  9.9424e-02  4.4149e-13  3.3511e-02  1.3316e+01  1.3898e+01  1.3264e+01
 1.8850e-01  1.0233e+01  9.9710e-02  4.8531e-13  3.3351e-02  1.3357e+01  1.3937e+01  1.3311e+01
 1.8800e-01  1.0262e+01  9.9998e-02  5.1646e-13  3.3190e-02  1.3398e+01  1.3977e+01  1.3358e+01
 1.8750e-01  1.0292e+01  1.0029e-01  5.1877e-13  3.3027e-02  1.3439e+01  1.4017e+01  1.3406e+01
 1.8700e-01  1.0321e+01  1.0059e-01  5.7158e-13  3.2863e-02  1.3480e+01  1.4057e+01  1.3453e+01
 1.8650e-01  1.0351e+01  1.0088e-01  6.2114e-13  3.2697e-02  1.3522e+01  1.4098e+01  1.3501e+01
 1.8600e-01  1.0381e+01  1.0118e-01  6.6289e-13  3.2529e-02  1.3564e+01  1.4138e+01  1.3549e+01
 1.8550e-01  1.0411e+01  1.0149e-01  7.0268e-13  3.2359e-02  1.3606e+01  1.4179e+01  1.3597e+01
 1.8500e-01  1.0441e+01  1.0180e-01  7.6252e-13  3.2187e-02  1.3649e+01  1.4220e+01  1.3646e+01
 1.8450e-01  1.0471e+01  1.0211e-01  8.1402e-13  3.2013e-02  1.3691e+01  1.4262e+01  1.3694e+01
 1.8400e-01  1.0502e+01  1.0242e-01  8.7612e-13  3.1838e-02  1.3734e+01  1.4303e+01  1.3743e+01
 1.8350e-01  1.0532e+01  1.0274e-01  9.2378e-13  3.1660e-02  1.3777e+01  1.4345e+01  1.3793e+01
 1.8300e-01  1.0563e+01  1.0306e-01  1.0050e-12  3.1480e-02  1.3821e+01  1.4387e+01  1.3842e+01
 1.8250e-01  1.0594e+01  1.0339e-01  1.0872e-12  3.1298e-02  1.3864e+01  1.4429e+01  1.3892e+01
 1.8200e-01  1.0625e+01  1.0371e-01  1.1620e-12  3.1114e-02  1.3908e+01  1.4471e+01  1.3941e+01
 1.8150e-01  1.0656e+01  1.0405e-01  1.2300e-12  3.0928e-02  1.3953e+01  1.4514e+01  1.3992e+01
 1.8100e-01  1.0688e+01  1.0438e-01  1.3445e-12  3.0739e-02  1.3997e+01  1.4557e+01  1.4042e+01
 1.8050e-01  1.0719e+01  1.0473e-01  1.4562e-12  3.0548e-02  1.4042e+01  1.4600e+01  1.4093e+01
 1.8000e-01  1.0751e+01  1.0507e-01  1.5830e-12  3.0355e-02  1.4087e+01  1.4643e+01  1.4143e+01
 1.7950e-01  1.0783e+01  1.0542e-01  1.6728e-12  3.0159e-02  1.4133e+01  1.4686e+01  1.4195e+01
 1.7900e-01  1.0815e+01  1.0577e-01  1.8247e-12  2.9961e-02  1.4178e+01  1.4730e+01  1.4246e+01
 1.7850e-01  1.0847e+01  1.0613e-01  1.9628e-12  2.9760e-02  1.4224e+01  1.4774e+01  1.4298e+01
 1.7800e-01  1.0880e+01  1.0649e-01  2.1372e-12  2.9556e-02  1.4271e+01  1.4818e+01  1.4349e+01
 1.7750e-01  1.0913e+01  1.0686e-01  2.2734e-12  2.9350e-02  1.4317e+01  1.4863e+01  1.4402e+01
 1.7700e-01  1.0945e+01  1.0724e-01  2.4956e-12  2.9140e-02  1.4364e+01  1.4908e+01  1.4454e+01
 1.7650e-01  1.0978e+01  1.0761e-01  2.6965e-12  2.8928e-02  1.4411e+01  1.4953e+01  1.4507e+01
 1.7600e-01  1.1012e+01  1.0800e-01  2.9357e-12  2.8713e-02  1.4459e+01  1.4998e+01  1.4560e+01
 1.7550e-01  1.1045e+01  1.0838e-01  3.2290e-12  2.8494e-02  1.4507e+01  1.5043e+01  1.4613e+01
 1.7500e-01  1.1079e+01  1.0878e-01  3.4721e-12  2.8273e-02  1.4555e+01  1.5089e+01  1.4666e+01
 1.7450e-01  1.1112e+01  1.0918e-01  3.7879e-12  2.8048e-02  1.4603e+01  1.5135e+01  1.4720e+01
 1.7400e-01  1.1146e+01  1.0958e-01  4.1334e-12  2.7820e-02  1.4652e+01  1.5181e+01  1.4774e+01
 1.7350e-01  1.1180e+01  1.1000e-01  4.5100e-12  2.7588e-02  1.4702e+01  1.5228e+01  1.4828e+01
 1.7300e-01  1.1215e+01  1.1041e-01  4.9316e-12  2.7352e-02  1.4751e+01  1.5274e+01  1.4883e+01
 1.7250e-01  1.1249e+01  1.1084e-01  5.3962e-12  2.7113e-02  1.4801e+01  1.5321e+01  1.4938e+01
 1.7200e-01  1.1284e+01  1.1127e-01  5.9122e-12  2.6870e-02  1.4851e+01  1.5369e+01  1.4993e+01
 1.7150e-01  1.1319e+01  1.1171e-01  6.4845e-12  2.6623e-02  1.4902e+01  1.5416e+01  1.5048e+01
 1.7100e-01  1.1354e+01  1.1215e-01  7.0924e-12  2.6371e-02  1.4953e+01  1.5464e+01  1.5104e+01
 1.7050e-01  1.1389e+01  1.1260e-01  7.8343e-12  2.6116e-02  1.5004e+01  1.5512e+01  1.5160e+01
 1.7000e-01  1.1425e+01  1.1307e-01  8.6604e-12  2.5855e-02  1.5056e+01  1.5560e+01  1.5216e+01
 1.6950e-01  1.1460e+01  1.1353e-01  9.5765e-12  2.5590e-02  1.5108e+01  1.5609e+01  1.5273e+01
 1.6900e-01  1.1496e+01  1.1401e-01  1.0601e-11  2.5320e-02  1.5161e+01  1.5658e+01  1.5330e+01
 1.6850e-01  1.1532e+01  1.1450e-01  1.1717e-11  2.5046e-02  1.5214e+01  1.5707e+01  1.5387e+01
 1.6800e-01  1.1569e+01  1.1499e-01  1.3061e-11  2.4765e-02  1.5267e+01  1.5757e+01  1.5444e+01
 1.6750e-01  1.1605e+01  1.1550e-01  1.4539e-11  2.4480e-02  1.5321e+01  1.5806e+01  1.5502e+01
 1.6700e-01  1.1642e+01  1.1601e-01  1.6225e-11  2.4188e-02  1.5375e+01  1.5856e+01  1.5560e+01
 1.6650e-01  1.1679e+01  1.1654e-01  1.8127e-11  2.3891e-02  1.5430e+01  1.5907e+01  1.5619e+01
 1.6600e-01  1.1716e+01  1.1707e-01  2.0380e-11  2.3587e-02  1.5485e+01  1.5957e+01  1.5678e+01
 1.6550e-01  1.1754e+01  1.1762e-01  2.2923e-11  2.3276e-02  1.5541e+01  1.6008e+01  1.5737e+01
 1.6500e-01  1.1791e+01  1.1818e-01  2.5859e-11  2.2959e-02  1.5597e+01  1.6060e+01  1.5796e+01
 1.6450e-01  1.1829e+01  1.1875e-01  2.9293e-11  2.2634e-02  1.5653e+01  1.6111e+01  1.5856e+01
 1.6400e-01  1.1867e+01  1.1933e-01  3.3230e-11  2.2302e-02  1.5710e+01  1.6163e+01  1.5916e+01
 1.6350e-01  1.1905e+01  1.1993e-01  3.7838e-11  2.1962e-02  1.5768e+01  1.6215e+01  1.5976e+01
 1.6300e-01  1.1944e+01  1.2054e-01  4.3258e-11  2.1613e-02  1.5826e+01  1.6268e+01  1.6037e+01
 1.6250e-01  1.1983e+01  1.2117e-01  4.9692e-11  2.1255e-02  1.5885e+01  1.6320e+01  1.6098e+01
 1.6200e-01  1.2022e+01  1.2182e-01  5.7209e-11  2.0887e-02  1.5944e+01  1.6373e+01  1.6159e+01
 1.6150e-01  1.2061e+01  1.2248e-01  6.6252e-11  2.0509e-02  1.6004e+01  1.6427e+01  1.6221e+01
 1.6100e-01  1.2100e+01  1.2316e-01  7.7069e-11  2.0120e-02  1.6064e+01  1.6481e+01  1.6283e+01
 1.6050e-01  1.2140e+01  1.2386e-01  9.0123e-11  1.9720e-02  1.6125e+01  1.6535e+01  1.6346e+01
 1.6000e-01  1.2180e+01  1.2458e-01  1.4925e-12  1.9307e-02  1.6186e+01  1.6589e+01  1.6409e+01
 1.5950e-01  1.2220e+01  1.2533e-01  1.8433e-12  1.8881e-02  1.6249e+01  1.6644e+01  1.6472e+01
 1.5900e-01  1.2261e+01  1.2610e-01  2.3051e-12  1.8440e-02  1.6312e+01  1.6699e+01  1.6535e+01
 1.5850e-01  1.2301e+01  1.2689e-01  3.0203e-12  1.7984e-02  1.6375e+01  1.6754e+01  1.6599e+01
 1.5800e-01  1.2342e+01  1.2772e-01  3.8115e-12  1.7510e-02  1.6440e+01  1.6810e+01  1.6663e+01
 1.5750e-01  1.2383e+01  1.2857e-01  4.9880e-12  1.7018e-02  1.6505e+01  1.6866e+01  1.6728e+01
 1.5700e-01  1.2425e+01  1.2946e-01  6.4703e-12  1.6506e-02  1.6571e+01  1.6923e+01  1.6793e+01
 1.5650e-01  1.2467e+01  1.3039e-01  8.8207e-12  1.5971e-02  1.6638e+01  1.6979e+01  1.6858e+01
 1.5600e-01  1.2509e+01  1.3137e-01  1.2076e-11  1.5411e-02  1.6706e+01  1.7037e+01  1.6924e+01
 1.5550e-01  1.2551e+01  1.3239e-01  1.6700e-11  1.4822e-02  1.6775e+01  1.7094e+01  1.6990e+01
 1.5500e-01  1.2593e+01  1.3346e-01  2.3936e-11  1.4202e-02  1.6845e+01  1.7152e+01  1.7057e+01
 1.5450e-01  1.2636e+01  1.3460e-01  3.5129e-11  1.3546e-02  1.6916e+01  1.7210e+01  1.7124e+01
 1.5400e-01  1.2679e+01  1.3580e-01  5.3752e-11  1.2847e-02  1.6989e+01  1.7269e+01  1.7191e+01
 1.5350e-01  1.2722e+01  1.3709e-01  8.5416e-11  1.2098e-02  1.7063e+01  1.7328e+01  1.7259e+01
 1.5300e-01  1.2766e+01  1.3849e-01  6.0085e-12  1.1290e-02  1.7139e+01  1.7387e+01  1.7327e+01
 1.5250e-01  1.2810e+01  1.4000e-01  1.2224e-11  1.0409e-02  1.7218e+01  1.7447e+01  1.7395e+01
 1.5200e-01  1.2854e+01  1.4167e-01  2.8486e-11  9.4334e-03  1.7298e+01  1.7507e+01  1.7464e+01
 1.5150e-01  1.2898e+01  1.4356e-01  7.7544e-11  8.3338e-03  1.7382e+01  1.7567e+01  1.7534e+01
 1.5100e-01  1.2943e+01  1.4574e-01  2.3647e-11  7.0566e-03  1.7471e+01  1.7628e+01  1.7603e+01
 1.5050e-01  1.2988e+01  1.4840e-01  2.1511e-11  5.4950e-03  1.7567e+01  1.7690e+01  1.7674e+01
 1.5000e-01  1.3033e+01  1.5203e-01  3.4347e-11  3.3546e-03  1.7676e+01  1.7751e+01  1.7744e+01
