 1.5000e-01  1.3033e+01  1.6845e-01 -4.3287e-11 -6.4408e-03  1.7897e+01  1.7751e+01  1.7744e+01
 1.5100e-01  1.2943e+01  1.7572e-01 -3.1610e-12 -1.0851e-02  1.7872e+01  1.7628e+01  1.7603e+01
 1.5200e-01  1.2854e+01  1.8077e-01 -3.1910e-11 -1.3934e-02  1.7818e+01  1.7507e+01  1.7464e+01
 1.5300e-01  1.2766e+01  1.8493e-01 -1.1000e-12 -1.6494e-02  1.7753e+01  1.7387e+01  1.7327e+01
 1.5400e-01  1.2679e+01  1.8858e-01 -6.7491e-14 -1.8752e-02  1.7682e+01  1.7269e+01  1.7191e+01
 1.5500e-01  1.2593e+01  1.9188e-01 -2.2919e-11 -2.0806e-02  1.7608e+01  1.7152e+01  1.7057e+01
 1.5600e-01  1.2509e+01  1.9493e-01 -5.1885e-12 -2.2711e-02  1.7531e+01  1.7037e+01  1.6924e+01
 1.5700e-01  1.2425e+01  1.9778e-01 -1.1985e-12 -2.4500e-02  1.7453e+01  1.6923e+01  1.6793e+01
 1.5800e-01  1.2342e+01  2.0047e-01 -2.1555e-13 -2.6196e-02  1.7374e+01  1.6810e+01  1.6663e+01
 1.5900e-01  1.2261e+01  2.0303e-01 -5.6448e-15 -2.7815e-02  1.7294e+01  1.6699e+01  1.6535e+01
 1.6000e-01  1.2180e+01  2.0547e-01 -3.6656e-14 -2.9369e-02  1.7213e+01  1.6589e+01  1.6409e+01
 1.6100e-01  1.2100e+01  2.0782e-01 -2.7286e-11 -3.0867e-02  1.7132e+01  1.6481e+01  1.6283e+01
 1.6200e-01  1.2022e+01  2.1008e-01  1.7406e-11 -3.2316e-02  1.7052e+01  1.6373e+01  1.6159e+01
 1.6300e-01  1.1944e+01  2.1227e-01 -5.2389e-14 -3.3721e-02  1.6971e+01  1.6268e+01  1.6037e+01
 1.6400e-01  1.1867e+01  2.1438e-01 -4.5167e-13 -3.5088e-02  1.6890e+01  1.6163e+01  1.5916e+01
 1.6500e-01  1.1791e+01  2.1644e-01 -1.1639e-12 -3.6419e-02  1.6810e+01  1.6060e+01  1.5796e+01
 1.6600e-01  1.1716e+01  2.1844e-01 -1.9468e-12 -3.7719e-02  1.6730e+01  1.5957e+01  1.5678e+01
 1.6700e-01  1.1642e+01  2.2038e-01 -2.8224e-12 -3.8990e-02  1.6650e+01  1.5856e+01  1.5560e+01
 1.6800e-01  1.1569e+01  2.2228e-01 -3.7744e-12 -4.0235e-02  1.6571e+01  1.5757e+01  1.5444e+01
 1.6900e-01  1.1496e+01  2.2414e-01 -4.6313e-12 -4.1454e-02  1.6492e+01  1.5658e+01  1.5330e+01
 1.7000e-01  1.1425e+01  2.2595e-01 -5.4250e-12 -4.2651e-02  1.6413e+01  1.5560e+01  1.5216e+01
 1.7100e-01  1.1354e+01  2.2772e-01 -6.0153e-12 -4.3827e-02  1.6335e+01  1.5464e+01  1.5104e+01
 1.7200e-01  1.1284e+01  2.2946e-01 -6.4863e-12 -4.4982e-02  1.6257e+01  1.5369e+01  1.4993e+01
 1.7300e-01  1.1215e+01  2.3117e-01 -6.9456e-12 -4.6119e-02  1.6180e+01  1.5274e+01  1.4883e+01
 1.7400e-01  1.1146e+01  2.3284e-01 -7.1875e-12 -4.7238e-02  1.6103e+01  1.5181e+01  1.4774e+01
 1.7500e-01  1.1079e+01  2.3448e-01 -7.3262e-12 -4.8340e-02  1.6027e+01  1.5089e+01  1.4666e+01
 1.7600e-01  1.1012e+01  2.3609e-01 -7.3318e-12 -4.9426e-02  1.5952e+01  1.4998e+01  1.4560e+01
 1.7700e-01  1.0945e+01  2.3767e-01 -7.2604e-12 -5.0496e-02  1.5876e+01  1.4908e+01  1.4454e+01
 1.7800e-01  1.0880e+01  2.3923e-01 -7.1198e-12 -5.1552e-02  1.5802e+01  1.4818e+01  1.4349e+01
 1.7900e-01  1.0815e+01  2.4075e-01 -6.8921e-12 -5.2594e-02  1.5727e+01  1.4730e+01  1.4246e+01
 1.8000e-01  1.0751e+01  2.4226e-01 -6.5440e-12 -5.3622e-02  1.5654e+01  1.4643e+01  1.4143e+01
 1.8100e-01  1.0688e+01  2.4374e-01 -6.0991e-12 -5.4638e-02  1.5581e+01  1.4557e+01  1.4042e+01
 1.8200e-01  1.0625e+01  2.4519e-01 -5.6707e-12 -5.5640e-02  1.5508e+01  1.4471e+01  1.3941e+01
 1.8300e-01  1.0563e+01  2.4662e-01 -5.1274e-12 -5.6631e-02  1.5436e+01  1.4387e+01  1.3842e+01
 1.8400e-01  1.0502e+01  2.4803e-01 -4.6179e-12 -5.7609e-02  1.5364e+01  1.4303e+01  1.3743e+01
 1.8500e-01  1.0441e+01  2.4942e-01 -3.6019e-12 -5.8576e-02  1.5293e+01  1.4220e+01  1.3646e+01
 1.8600e-01  1.0381e+01  2.5078e-01 -1.7212e-12 -5.9532e-02  1.5223e+01  1.4138e+01  1.3549e+01
 1.8700e-01  1.0321e+01  2.5212e-01 -2.2336e-12 -6.0476e-02  1.5152e+01  1.4057e+01  1.3453e+01
 1.8800e-01  1.0262e+01  2.5343e-01 -2.4305e-12 -6.1411e-02  1.5083e+01  1.3977e+01  1.3358e+01
 1.8900e-01  1.0204e+01  2.5473e-01 -2.4110e-12 -6.2336e-02  1.5014e+01  1.3898e+01  1.3264e+01
 1.9000e-01  1.0146e+01  2.5600e-01 -2.7725e-12 -6.3251e-02  1.4945e+01  1.3819e+01  1.3171e+01
 1.9100e-01  1.0089e+01  2.5726e-01 -2.7144e-12 -6.4157e-02  1.4877e+01  1.3741e+01  1.3079e+01
 1.9200e-01  1.0033e+01  2.5850e-01 -2.4790e-12 -6.5055e-02  1.4810e+01  1.3664e+01  1.2987e+01
 1.9300e-01  9.9767e+00  2.5972e-01 -2.5982e-12 -6.5946e-02  1.4743e+01  1.3588e+01  1.2897e+01
 1.9400e-01  9.9213e+00  2.6093e-01 -2.5180e-12 -6.6830e-02  1.4676e+01  1.3513e+01  1.2807e+01
 1.9500e-01  9.8664e+00  2.6213e-01 -2.3595e-12 -6.7708e-02  1.4610e+01  1.3438e+01  1.2718e+01
 1.9600e-01  9.8121e+00  2.6331e-01 -2.3378e-12 -6.8581e-02  1.4545e+01  1.3364e+01  1.2630e+01
 1.9700e-01  9.7583e+00  2.6449e-01 -2.1392e-12 -6.9449e-02  1.4480e+01  1.3291e+01  1.2542e+01
 1.9800e-01  9.7050e+00  2.6565e-01 -2.1457e-12 -7.0313e-02  1.4416e+01  1.3218e+01  1.2456e+01
 1.9900e-01  9.6523e+00  2.6681e-01 -1.9481e-12 -7.1174e-02  1.4352e+01  1.3146e+01  1.2370e+01
 2.0000e-01  9.6000e+00  2.6795e-01 -1.9463e-12 -7.2032e-02  1.4289e+01  1.3075e+01  1.2284e+01
 2.0100e-01  9.5482e+00  2.6910e-01 -1.8824e-12 -7.2887e-02  1.4226e+01  1.3005e+01  1.2200e+01
 2.0200e-01  9.4970e+00  2.7023e-01 -1.8539e-12 -7.3740e-02  1.4164e+01  1.2935e+01  1.2116e+01
 2.0300e-01  9.4462e+00  2.7136e-01 -1.6643e-12 -7.4592e-02  1.4102e+01  1.2866e+01  1.2033e+01
 2.0400e-01  9.3959e+00  2.7249e-01 -1.6396e-12 -7.5443e-02  1.4041e+01  1.2797e+01  1.1951e+01
 2.0500e-01  9.3461e+00  2.7361e-01 -1.7520e-12 -7.6294e-02  1.3981e+01  1.2729e+01  1.1869e+01
 2.0600e-01  9.2967e+00  2.7473e-01 -1.7941e-12 -7.7144e-02  1.3921e+01  1.2662e+01  1.1788e+01
 2.0700e-01  9.2478e+00  2.7585e-01 -1.6108e-12 -7.7995e-02  1.3861e+01  1.2595e+01  1.1708e+01
 2.0800e-01  9.1994e+00  2.7697e-01 -1.7227e-12 -7.8846e-02  1.3802e+01  1.2529e+01  1.1628e+01
 2.0900e-01  9.1514e+00  2.7809e-01 -1.6204e-12 -7.9698e-02  1.3744e+01  1.2464e+01  1.1549e+01
 2.1000e-01  9.1038e+00  2.7920e-01 -1.7772e-12 -8.0552e-02  1.3686e+01  1.2399e+01  1.1471e+01
 2.1100e-01  9.0567e+00  2.8032e-01 -1.8875e-12 -8.1407e-02  1.3629e+01  1.2335e+01  1.1393e+01
 2.1200e-01  9.0100e+00  2.8144e-01 -1.9843e-12 -8.2265e-02  1.3573e+01  1.2272e+01  1.1316e+01
 2.1300e-01  8.9637e+00  2.8255e-01 -2.1647e-12 -8.3125e-02  1.3517e+01  1.2208e+01  1.1240e+01
 2.1400e-01  8.9178e+00  2.8368e-01 -2.3023e-12 -8.3988e-02  1.3461e+01  1.2146e+01  1.1164e+01
 2.1500e-01  8.8723e+00  2.8480e-01 -2.5251e-12 -8.4854e-02  1.3406e+01  1.2084e+01  1.1089e+01
 2.1600e-01  8.8273e+00  2.8593e-01 -2.8326e-12 -8.5723e-02  1.3352e+01  1.2023e+01  1.1014e+01
 2.1700e-01  8.7826e+00  2.8706e-01 -3.0784e-12 -8.6596e-02  1.3298e+01  1.1962e+01  1.0940e+01
 2.1800e-01  8.7383e+00  2.8819e-01 -3.3566e-12 -8.7473e-02  1.3244e+01  1.1902e+01  1.0866e+01
 2.1900e-01  8.6944e+00  2.8933e-01 -4.0382e-12 -8.8355e-02  1.3191e+01  1.1842e+01  1.0793e+01
 2.2000e-01  8.6509e+00  2.9048e-01 -4.3585e-12 -8.9241e-02  1.3139e+01  1.1782e+01  1.0721e+01
 2.2100e-01  8.6078e+00  2.9163e-01 -5.0811e-12 -9.0132e-02  1.3087e+01  1.1724e+01  1.0649e+01
 2.2200e-01  8.5650e+00  2.9278e-01 -5.6636e-12 -9.1029e-02  1.3036e+01  1.1665e+01  1.0578e+01
 2.2300e-01  8.5226e+00  2.9395e-01 -6.8577e-12 -9.1932e-02  1.2985e+01  1.1608e+01  1.0507e+01
 2.2400e-01  8.4806e+00  2.9512e-01 -7.0317e-12 -9.2841e-02  1.2935e+01  1.1550e+01  1.0437e+01
 2.2500e-01  8.4389e+00  2.9630e-01 -1.1962e-11 -9.3756e-02  1.2886e+01  1.1494e+01  1.0367e+01
 2.2600e-01  8.3976e+00  2.9749e-01 -1.5807e-11 -9.4678e-02  1.2836e+01  1.1437e+01  1.0298e+01
 2.2700e-01  8.3566e+00  2.9869e-01 -2.2102e-11 -9.5607e-02  1.2788e+01  1.1382e+01  1.0229e+01
 2.2800e-01  8.3159e+00  2.9989e-01 -1.7865e-11 -9.6544e-02  1.2740e+01  1.1326e+01  1.0161e+01
 2.2900e-01  8.2756e+00  3.0111e-01  8.9061e-12 -9.7488e-02  1.2692e+01  1.1271e+01  1.0093e+01
 2.3000e-01  8.2357e+00  3.0234e-01 -2.4919e-11 -9.8441e-02  1.2645e+01  1.1217e+01  1.0026e+01
 2.3100e-01  8.1960e+00  3.0358e-01 -1.1207e-11 -9.9403e-02  1.2599e+01  1.1163e+01  9.9592e+00
 2.3200e-01  8.1567e+00  3.0484e-01 -2.4380e-11 -1.0037e-01  1.2553e+01  1.1109e+01  9.8930e+00
 2.3300e-01  8.1177e+00  3.0611e-01 -2.8256e-11 -1.0136e-01  1.2508e+01  1.1056e+01  9.8271e+00
 2.3400e-01  8.0790e+00  3.0739e-01 -3.3940e-11 -1.0235e-01  1.2463e+01  1.1004e+01  9.7618e+00
 2.3500e-01  8.0406e+00  3.0869e-01 -3.8812e-11 -1.0335e-01  1.2419e+01  1.0951e+01  9.6969e+00
 2.3600e-01  8.0026e+00  3.1000e-01 -4.5941e-11 -1.0436e-01  1.2375e+01  1.0899e+01  9.6325e+00
 2.3700e-01  7.9648e+00  3.1133e-01 -5.3547e-11 -1.0539e-01  1.2332e+01  1.0848e+01  9.5685e+00
 2.3800e-01  7.9274e+00  3.1268e-01 -6.1880e-11 -1.0643e-01  1.2289e+01  1.0797e+01  9.5049e+00
 2.3900e-01  7.8902e+00  3.1405e-01 -7.1917e-11 -1.0748e-01  1.2247e+01  1.0746e+01  9.4418e+00
 2.4000e-01  7.8533e+00  3.1544e-01 -8.3481e-11 -1.0854e-01  1.2206e+01  1.0696e+01  9.3791e+00
 2.4100e-01  7.8168e+00  3.1685e-01 -9.7327e-11 -1.0962e-01  1.2165e+01  1.0646e+01  9.3168e+00
 2.4200e-01  7.7805e+00  3.1828e-01 -5.4547e-13 -1.1071e-01  1.2125e+01  1.0597e+01  9.2550e+00
 2.4300e-01  7.7445e+00  3.1974e-01 -7.7425e-13 -1.1183e-01  1.2085e+01  1.0548e+01  9.1936e+00
 2.4400e-01  7.7087e+00  3.2122e-01 -9.1285e-13 -1.1295e-01  1.2046e+01  1.0499e+01  9.1325e+00
 2.4500e-01  7.6733e+00  3.2273e-01 -1.0793e-12 -1.1410e-01  1.2007e+01  1.0451e+01  9.0719e+00
 2.4600e-01  7.6381e+00  3.2427e-01 -1.3588e-12 -1.1527e-01  1.1970e+01  1.0403e+01  9.0117e+00
 2.4700e-01  7.6032e+00  3.2584e-01 -1.5886e-12 -1.1645e-01  1.1932e+01  1.0355e+01  8.9518e+00
 2.4800e-01  7.5685e+00  3.2745e-01 -2.1201e-12 -1.1766e-01  1.1896e+01  1.0308e+01  8.8924e+00
 2.4900e-01  7.5341e+00  3.2909e-01 -2.4585e-12 -1.1890e-01  1.1860e+01  1.0261e+01  8.8333e+00
 2.5000e-01  7.5000e+00  3.3077e-01 -3.1923e-12 -1.2016e-01  1.1825e+01  1.0215e+01  8.7746e+00
