 9.9900e-01  4.0020e-03  1.4047e-04 -4.8106e-12  8.6378e-02  4.8738e-03  5.4507e-03 -8.7600e+00
 9.9052e-01  3.8101e-02  1.3408e-03  8.2623e-13  8.5765e-02  4.6445e-02  5.1894e-02 -8.6357e+00
 9.8204e-01  7.2497e-02  2.5575e-03  1.2188e-12  8.5144e-02  8.8456e-02  9.8740e-02 -8.5110e+00
 9.7356e-01  1.0720e-01  3.7906e-03  2.9821e-13  8.4513e-02  1.3092e-01  1.4600e-01 -8.3859e+00
 9.6508e-01  1.4221e-01  5.0404e-03  3.6338e-13  8.3874e-02  1.7384e-01  1.9369e-01 -8.2603e+00
 9.5660e-01  1.7754e-01  6.3068e-03  4.6252e-13  8.3225e-02  2.1725e-01  2.4181e-01 -8.1342e+00
 9.4812e-01  2.1320e-01  7.5900e-03  5.8176e-13  8.2567e-02  2.6114e-01  2.9037e-01 -8.0076e+00
 9.3964e-01  2.4919e-01  8.8901e-03  7.2464e-13  8.1899e-02  3.0554e-01  3.3940e-01 -7.8806e+00
 9.3116e-01  2.8554e-01  1.0207e-02  8.6431e-13  8.1222e-02  3.5046e-01  3.8890e-01 -7.7530e+00
 9.2268e-01  3.2224e-01  1.1541e-02  1.0575e-12  8.0536e-02  3.9591e-01  4.3889e-01 -7.6249e+00
 9.1420e-01  3.5931e-01  1.2892e-02  1.2832e-12  7.9840e-02  4.4191e-01  4.8937e-01 -7.4963e+00
 9.0572e-01  3.9675e-01  1.4260e-02  1.5200e-12  7.9134e-02  4.8847e-01  5.4037e-01 -7.3671e+00
 8.9724e-01  4.3458e-01  1.5645e-02  1.8157e-12  7.8419e-02  5.3561e-01  5.9189e-01 -7.2374e+00
 8.8876e-01  4.7281e-01  1.7048e-02  2.1573e-12  7.7694e-02  5.8335e-01  6.4396e-01 -7.1071e+00
 8.8028e-01  5.1144e-01  1.8467e-02  2.5551e-12  7.6960e-02  6.3171e-01  6.9658e-01 -6.9762e+00
 8.7180e-01  5.5050e-01  1.9904e-02  2.9867e-12  7.6215e-02  6.8070e-01  7.4978e-01 -6.8447e+00
 8.6332e-01  5.9000e-01  2.1358e-02  3.4933e-12  7.5461e-02  7.3034e-01  8.0357e-01 -6.7125e+00
 8.5484e-01  6.2994e-01  2.2829e-02  4.0680e-12  7.4697e-02  7.8066e-01  8.5797e-01 -6.5797e+00
 8.4636e-01  6.7034e-01  2.4316e-02  4.7254e-12  7.3924e-02  8.3166e-01  9.1300e-01 -6.4462e+00
 8.3788e-01  7.1122e-01  2.5821e-02  5.4818e-12  7.3140e-02  8.8338e-01  9.6867e-01 -6.3120e+00
 8.2940e-01  7.5258e-01  2.7343e-02  6.3369e-12  7.2347e-02  9.3584e-01  1.0250e+00 -6.1771e+00
 8.2092e-01  7.9445e-01  2.8881e-02  7.2325e-12  7.1544e-02  9.8905e-01  1.0820e+00 -6.0414e+00
 8.1244e-01  8.3684e-01  3.0436e-02  8.2937e-12  7.0731e-02  1.0430e+00  1.1398e+00 -5.9050e+00
 8.0396e-01  8.7977e-01  3.2008e-02  9.4647e-12  6.9908e-02  1.0978e+00  1.1982e+00 -5.7679e+00
 7.9548e-01  9.2325e-01  3.3595e-02  1.0781e-11  6.9076e-02  1.1535e+00  1.2575e+00 -5.6299e+00
 7.8700e-01  9.6730e-01  3.5199e-02  1.2267e-11  6.8234e-02  1.2100e+00  1.3175e+00 -5.4910e+00
 7.7852e-01  1.0119e+00  3.6819e-02  1.3886e-11  6.7383e-02  1.2673e+00  1.3783e+00 -5.3513e+00
 7.7004e-01  1.0572e+00  3.8454e-02  1.5692e-11  6.6522e-02  1.3256e+00  1.4399e+00 -5.2108e+00
 7.6156e-01  1.1031e+00  4.0105e-02  1.7755e-11  6.5652e-02  1.3849e+00  1.5024e+00 -5.0692e+00
 7.5308e-01  1.1496e+00  4.1772e-02  1.9984e-11  6.4773e-02  1.4451e+00  1.5657e+00 -4.9268e+00
 7.4460e-01  1.1968e+00  4.3452e-02  2.2465e-11  6.3884e-02  1.5063e+00  1.6300e+00 -4.7833e+00
 7.3612e-01  1.2447e+00  4.5148e-02  2.5212e-11  6.2987e-02  1.5686e+00  1.6953e+00 -4.6389e+00
 7.2764e-01  1.2933e+00  4.6858e-02  2.8227e-11  6.2080e-02  1.6319e+00  1.7615e+00 -4.4934e+00
 7.1916e-01  1.3427e+00  4.8581e-02  3.1547e-11  6.1165e-02  1.6964e+00  1.8288e+00 -4.3467e+00
 7.1068e-01  1.3928e+00  5.0319e-02  3.5212e-11  6.0241e-02  1.7620e+00  1.8970e+00 -4.1990e+00
 7.0220e-01  1.4438e+00  5.2069e-02  3.9212e-11  5.9309e-02  1.8288e+00  1.9664e+00 -4.0501e+00
 6.9372e-01  1.4956e+00  5.3832e-02  4.3625e-11  5.8369e-02  1.8968e+00  2.0370e+00 -3.9000e+00
 6.8524e-01  1.5482e+00  5.5607e-02  4.8449e-11  5.7421e-02  1.9661e+00  2.1086e+00 -3.7486e+00
 6.7676e-01  1.6017e+00  5.7393e-02  5.3690e-11  5.6465e-02  2.0368e+00  2.1816e+00 -3.5959e+00
 6.6828e-01  1.6562e+00  5.9191e-02  5.9408e-11  5.5501e-02  2.1088e+00  2.2557e+00 -3.4418e+00
 6.5980e-01  1.7116e+00  6.0999e-02  6.5703e-11  5.4530e-02  2.1823e+00  2.3312e+00 -3.2864e+00
 6.5132e-01  1.7680e+00  6.2818e-02  7.2475e-11  5.3552e-02  2.2572e+00  2.4081e+00 -3.1294e+00
 6.4284e-01  1.8255e+00  6.4646e-02  7.9882e-11  5.2568e-02  2.3336e+00  2.4863e+00 -2.9710e+00
 6.3436e-01  1.8841e+00  6.6483e-02  8.7893e-11  5.1577e-02  2.4117e+00  2.5661e+00 -2.8110e+00
 6.2588e-01  1.9437e+00  6.8328e-02  9.6566e-11  5.0580e-02  2.4914e+00  2.6474e+00 -2.6493e+00
 6.1740e-01  2.0046e+00  7.0180e-02  9.3747e-13  4.9577e-02  2.5728e+00  2.7302e+00 -2.4859e+00
 6.0892e-01  2.0667e+00  7.2040e-02  1.0534e-12  4.8569e-02  2.6560e+00  2.8148e+00 -2.3207e+00
 6.0044e-01  2.1300e+00  7.3905e-02  1.1895e-12  4.7555e-02  2.7411e+00  2.9011e+00 -2.1536e+00
 5.9196e-01  2.1947e+00  7.5776e-02  1.3506e-12  4.6537e-02  2.8281e+00  2.9891e+00 -1.9846e+00
 5.8348e-01  2.2607e+00  7.7652e-02  1.5014e-12  4.5514e-02  2.9172e+00  3.0791e+00 -1.8136e+00
 5.7500e-01  2.3283e+00  7.9532e-02  1.6865e-12  4.4488e-02  3.0083e+00  3.1711e+00 -1.6405e+00
 5.6652e-01  2.3973e+00  8.1415e-02  1.8721e-12  4.3458e-02  3.1017e+00  3.2651e+00 -1.4651e+00
 5.5804e-01  2.4679e+00  8.3300e-02  2.1323e-12  4.2425e-02  3.1973e+00  3.3613e+00 -1.2875e+00
 5.4956e-01  2.5402e+00  8.5186e-02  2.3374e-12  4.1389e-02  3.2953e+00  3.4597e+00 -1.1074e+00
 5.4108e-01  2.6142e+00  8.7073e-02  2.6265e-12  4.0351e-02  3.3958e+00  3.5605e+00 -9.2474e-01
 5.3260e-01  2.6900e+00  8.8960e-02  2.9114e-12  3.9312e-02  3.4989e+00  3.6637e+00 -7.3946e-01
 5.2412e-01  2.7677e+00  9.0845e-02  3.2087e-12  3.8271e-02  3.6048e+00  3.7696e+00 -5.5140e-01
 5.1564e-01  2.8474e+00  9.2728e-02  3.5690e-12  3.7229e-02  3.7135e+00  3.8781e+00 -3.6041e-01
 5.0716e-01  2.9292e+00  9.4609e-02  3.9391e-12  3.6187e-02  3.8253e+00  3.9896e+00 -1.6635e-01
 4.9868e-01  3.0132e+00  9.6485e-02  4.3618e-12  3.5146e-02  3.9401e+00  4.1040e+00  3.0928e-02
 4.9020e-01  3.0996e+00  9.8356e-02  4.8010e-12  3.4105e-02  4.0583e+00  4.2216e+00  2.3160e-01
 4.8172e-01  3.1883e+00  1.0022e-01  5.3176e-12  3.3066e-02  4.1800e+00  4.3425e+00  4.3585e-01
 4.7324e-01  3.2797e+00  1.0208e-01  5.8015e-12  3.2028e-02  4.3053e+00  4.4669e+00  6.4386e-01
 4.6476e-01  3.3738e+00  1.0393e-01  6.3951e-12  3.0993e-02  4.4344e+00  4.5951e+00  8.5584e-01
 4.5628e-01  3.4707e+00  1.0577e-01  7.0072e-12  2.9961e-02  4.5676e+00  4.7271e+00  1.0720e+00
 4.4780e-01  3.5707e+00  1.0760e-01  7.6503e-12  2.8933e-02  4.7051e+00  4.8632e+00  1.2926e+00
 4.3932e-01  3.6739e+00  1.0942e-01  8.3483e-12  2.7909e-02  4.8471e+00  5.0038e+00  1.5179e+00
 4.3084e-01  3.7804e+00  1.1123e-01  9.0969e-12  2.6889e-02  4.9938e+00  5.1489e+00  1.7482e+00
 4.2236e-01  3.8906e+00  1.1303e-01  9.9062e-12  2.5876e-02  5.1456e+00  5.2989e+00  1.9837e+00
 4.1388e-01  4.0046e+00  1.1481e-01  1.0767e-11  2.4868e-02  5.3028e+00  5.4542e+00  2.2248e+00
 4.0540e-01  4.1226e+00  1.1658e-01  1.1662e-11  2.3867e-02  5.4656e+00  5.6150e+00  2.4718e+00
 3.9692e-01  4.2450e+00  1.1833e-01  1.2589e-11  2.2873e-02  5.6345e+00  5.7816e+00  2.7252e+00
 3.8844e-01  4.3719e+00  1.2006e-01  1.3547e-11  2.1887e-02  5.8098e+00  5.9545e+00  2.9852e+00
 3.7996e-01  4.5038e+00  1.2178e-01  1.4568e-11  2.0910e-02  5.9920e+00  6.1341e+00  3.2525e+00
 3.7148e-01  4.6409e+00  1.2347e-01  1.5640e-11  1.9941e-02  6.1814e+00  6.3209e+00  3.5274e+00
 3.6300e-01  4.7836e+00  1.2515e-01  1.6706e-11  1.8983e-02  6.3787e+00  6.5153e+00  3.8106e+00
 3.5452e-01  4.9324e+00  1.2680e-01  1.7860e-11  1.8035e-02  6.5843e+00  6.7179e+00  4.1025e+00
 3.4604e-01  5.0876e+00  1.2843e-01  1.8932e-11  1.7099e-02  6.7989e+00  6.9293e+00  4.4039e+00
 3.3756e-01  5.2498e+00  1.3004e-01  2.0053e-11  1.6174e-02  7.0231e+00  7.1501e+00  4.7155e+00
 3.2908e-01  5.4194e+00  1.3163e-01  2.1176e-11  1.5261e-02  7.2576e+00  7.3812e+00  5.0380e+00
 3.2060e-01  5.5971e+00  1.3318e-01  2.2217e-11  1.4362e-02  7.5033e+00  7.6232e+00  5.3723e+00
 3.1212e-01  5.7836e+00  1.3472e-01  2.3204e-11  1.3476e-02  7.7611e+00  7.8772e+00  5.7194e+00
 3.0364e-01  5.9795e+00  1.3622e-01  2.3988e-11  1.2605e-02  8.0320e+00  8.1440e+00  6.0803e+00
 2.9516e-01  6.1857e+00  1.3770e-01  2.4746e-11  1.1749e-02  8.3170e+00  8.4248e+00  6.4562e+00
 2.8668e-01  6.4031e+00  1.3914e-01  2.5186e-11  1.0908e-02  8.6174e+00  8.7209e+00  6.8486e+00
 2.7820e-01  6.6327e+00  1.4056e-01  2.5430e-11  1.0084e-02  8.9347e+00  9.0337e+00  7.2588e+00
 2.6972e-01  6.8757e+00  1.4194e-01  2.5306e-11  9.2762e-03  9.2704e+00  9.3646e+00  7.6885e+00
 2.6124e-01  7.1333e+00  1.4330e-01  2.4812e-11  8.4863e-03  9.6262e+00  9.7155e+00  8.1398e+00
 2.5276e-01  7.4071e+00  1.4462e-01  2.3811e-11  7.7146e-03  1.0004e+01  1.0088e+01  8.6146e+00
 2.4428e-01  7.6988e+00  1.4590e-01  2.2180e-11  6.9616e-03  1.0407e+01  1.0486e+01  9.1155e+00
 2.3580e-01  8.0102e+00  1.4715e-01  1.9919e-11  6.2280e-03  1.0837e+01  1.0910e+01  9.6453e+00
 2.2732e-01  8.3435e+00  1.4837e-01  1.6810e-11  5.5143e-03  1.1296e+01  1.1364e+01  1.0207e+01
 2.1884e-01  8.7014e+00  1.4954e-01  1.3119e-11  4.8212e-03  1.1790e+01  1.1851e+01  1.0805e+01
 2.1036e-01  9.0868e+00  1.5069e-01  8.9563e-12  4.1492e-03  1.2321e+01  1.2376e+01  1.1443e+01
 2.0188e-01  9.5031e+00  1.5179e-01  4.7357e-12  3.4989e-03  1.2895e+01  1.2943e+01  1.2126e+01
 1.9340e-01  9.9545e+00  1.5285e-01  1.4702e-12  2.8707e-03  1.3516e+01  1.3558e+01  1.2861e+01
 1.8492e-01  1.0446e+01  1.5387e-01  1.2119e-11  2.2653e-03  1.4192e+01  1.4227e+01  1.3654e+01
 1.7644e-01  1.0982e+01  1.5486e-01 -5.9035e-11  1.6832e-03  1.4931e+01  1.4958e+01  1.4513e+01
 1.6796e-01  1.1572e+01  1.5580e-01 -3.3546e-11  1.1248e-03  1.5742e+01  1.5761e+01  1.5449e+01
 1.5948e-01  1.2222e+01  1.5670e-01 -1.7179e-10  5.9068e-04  1.6636e+01  1.6646e+01  1.6474e+01
 1.5100e-01  1.2943e+01  1.5769e-01  7.3083e-11 -4.6345e-10  1.7628e+01  1.7628e+01  1.7603e+01
