 1.5000e-01  1.3033e+01  1.5203e-01 -6.5775e-12  3.3546e-03  1.7676e+01  1.7751e+01  1.7744e+01
 1.4998e-01  1.3035e+01  1.5221e-01  9.1659e-11  3.2513e-03  1.7681e+01  1.7754e+01  1.7747e+01
 1.4996e-01  1.3037e+01  1.5239e-01  6.8793e-13  3.1454e-03  1.7685e+01  1.7756e+01  1.7750e+01
 1.4994e-01  1.3039e+01  1.5257e-01  8.9015e-13  3.0367e-03  1.7690e+01  1.7758e+01  1.7752e+01
 1.4992e-01  1.3040e+01  1.5276e-01  1.1416e-12  2.9250e-03  1.7695e+01  1.7761e+01  1.7755e+01
 1.4991e-01  1.3042e+01  1.5295e-01  1.4165e-12  2.8101e-03  1.7700e+01  1.7763e+01  1.7758e+01
 1.4989e-01  1.3044e+01  1.5315e-01  1.9199e-12  2.6917e-03  1.7705e+01  1.7765e+01  1.7760e+01
 1.4987e-01  1.3045e+01  1.5336e-01  2.5920e-12  2.5694e-03  1.7710e+01  1.7768e+01  1.7763e+01
 1.4985e-01  1.3047e+01  1.5357e-01  3.3276e-12  2.4429e-03  1.7715e+01  1.7770e+01  1.7766e+01
 1.4983e-01  1.3049e+01  1.5380e-01  4.6411e-12  2.3117e-03  1.7720e+01  1.7773e+01  1.7769e+01
 1.4981e-01  1.3051e+01  1.5403e-01  6.1906e-12  2.1754e-03  1.7726e+01  1.7775e+01  1.7771e+01
 1.4979e-01  1.3052e+01  1.5427e-01  8.6906e-12  2.0332e-03  1.7731e+01  1.7777e+01  1.7774e+01
 1.4977e-01  1.3054e+01  1.5452e-01  1.2408e-11  1.8843e-03  1.7737e+01  1.7780e+01  1.7777e+01
 1.4975e-01  1.3056e+01  1.5478e-01  1.8170e-11  1.7279e-03  1.7743e+01  1.7782e+01  1.7779e+01
 1.4973e-01  1.3058e+01  1.5506e-01  2.7330e-11  1.5627e-03  1.7749e+01  1.7784e+01  1.7782e+01
 1.4971e-01  1.3059e+01  1.5536e-01  4.3175e-11  1.3871e-03  1.7755e+01  1.7787e+01  1.7785e+01
 1.4970e-01  1.3061e+01  1.5567e-01  7.1528e-11  1.1989e-03  1.7762e+01  1.7789e+01  1.7787e+01
 1.4968e-01  1.3063e+01  1.5602e-01  4.6800e-12  9.9500e-04  1.7769e+01  1.7791e+01  1.7790e+01
 1.4966e-01  1.3064e+01  1.5639e-01  1.1619e-11  7.7103e-04  1.7776e+01  1.7794e+01  1.7793e+01
 1.4964e-01  1.3066e+01  1.5682e-01  3.4086e-11  5.1975e-04  1.7784e+01  1.7796e+01  1.7796e+01
 1.4962e-01  1.3068e+01  1.5731e-01  1.2425e-11  2.2830e-04  1.7793e+01  1.7798e+01  1.7798e+01
